     1.01517    -0.035661 -6.93368e-14 -1.30642e-14 -1.28366e-14   -0.0645877   -0.0645877   -0.0645877   -0.0645877
   -0.035661     0.261782  3.83413e-13  7.23485e-14  7.18775e-14     0.114873     0.114873     0.114873     0.114873
-6.93368e-14  3.83413e-13     0.344756 -5.34903e-14 -5.46295e-14     0.171682     0.171682    -0.171682    -0.171682
-1.30642e-14  7.23485e-14 -5.34903e-14     0.344756 -2.89609e-13    -0.171682     0.171682     0.171682    -0.171682
-1.28366e-14  7.18775e-14 -5.46295e-14 -2.89609e-13     0.344756    -0.171682     0.171682    -0.171682     0.171682
  -0.0645877     0.114873     0.171682    -0.171682    -0.171682      0.30926   -0.0327157   -0.0327157   -0.0327157
  -0.0645877     0.114873     0.171682     0.171682     0.171682   -0.0327157      0.30926   -0.0327157   -0.0327157
  -0.0645877     0.114873    -0.171682     0.171682    -0.171682   -0.0327157   -0.0327157      0.30926   -0.0327157
  -0.0645877     0.114873    -0.171682    -0.171682     0.171682   -0.0327157   -0.0327157   -0.0327157      0.30926