     1.01517    -0.035661  -1.4966e-14 -2.76143e-15 -2.46099e-15   -0.0645877   -0.0645877   -0.0645877   -0.0645877
   -0.035661     0.261782  8.26908e-14  1.48453e-14  1.50701e-14     0.114873     0.114873     0.114873     0.114873
 -1.4966e-14  8.26908e-14     0.344756 -1.06538e-14 -1.23469e-14     0.171682     0.171682    -0.171682    -0.171682
-2.76143e-15  1.48453e-14 -1.06538e-14     0.344756 -6.19944e-14    -0.171682     0.171682     0.171682    -0.171682
-2.46099e-15  1.50701e-14 -1.23469e-14 -6.19944e-14     0.344756    -0.171682     0.171682    -0.171682     0.171682
  -0.0645877     0.114873     0.171682    -0.171682    -0.171682      0.30926   -0.0327157   -0.0327157   -0.0327157
  -0.0645877     0.114873     0.171682     0.171682     0.171682   -0.0327157      0.30926   -0.0327157   -0.0327157
  -0.0645877     0.114873    -0.171682     0.171682    -0.171682   -0.0327157   -0.0327157      0.30926   -0.0327157
  -0.0645877     0.114873    -0.171682    -0.171682     0.171682   -0.0327157   -0.0327157   -0.0327157      0.30926