     1.01517    -0.035661 -1.48312e-12 -2.77964e-13 -2.80332e-13   -0.0645877   -0.0645877   -0.0645877   -0.0645877
   -0.035661     0.261782  8.18835e-12  1.53561e-12  1.55079e-12     0.114873     0.114873     0.114873     0.114873
-1.48312e-12  8.18835e-12     0.344756 -1.23518e-12 -1.22547e-12     0.171682     0.171682    -0.171682    -0.171682
-2.77964e-13  1.53561e-12 -1.23518e-12     0.344756 -6.53739e-12    -0.171682     0.171682     0.171682    -0.171682
-2.80332e-13  1.55079e-12 -1.22547e-12 -6.53739e-12     0.344756    -0.171682     0.171682    -0.171682     0.171682
  -0.0645877     0.114873     0.171682    -0.171682    -0.171682      0.30926   -0.0327157   -0.0327157   -0.0327157
  -0.0645877     0.114873     0.171682     0.171682     0.171682   -0.0327157      0.30926   -0.0327157   -0.0327157
  -0.0645877     0.114873    -0.171682     0.171682    -0.171682   -0.0327157   -0.0327157      0.30926   -0.0327157
  -0.0645877     0.114873    -0.171682    -0.171682     0.171682   -0.0327157   -0.0327157   -0.0327157      0.30926