     1.01517    -0.035661 -4.98538e-17 -5.93325e-17  2.76649e-16   -0.0645877   -0.0645877   -0.0645877   -0.0645877
   -0.035661     0.261782  3.84941e-16  2.93332e-17 -4.44687e-16     0.114873     0.114873     0.114873     0.114873
-4.98538e-17  3.84941e-16     0.344756  1.48246e-15 -7.26297e-16     0.171682     0.171682    -0.171682    -0.171682
-5.93325e-17  2.93332e-17  1.48246e-15     0.344756 -1.00465e-15    -0.171682     0.171682     0.171682    -0.171682
 2.76649e-16 -4.44687e-16 -7.26297e-16 -1.00465e-15     0.344756    -0.171682     0.171682    -0.171682     0.171682
  -0.0645877     0.114873     0.171682    -0.171682    -0.171682      0.30926   -0.0327157   -0.0327157   -0.0327157
  -0.0645877     0.114873     0.171682     0.171682     0.171682   -0.0327157      0.30926   -0.0327157   -0.0327157
  -0.0645877     0.114873    -0.171682     0.171682    -0.171682   -0.0327157   -0.0327157      0.30926   -0.0327157
  -0.0645877     0.114873    -0.171682    -0.171682     0.171682   -0.0327157   -0.0327157   -0.0327157      0.30926