     1.01517    -0.035661 -3.11774e-11 -5.83825e-12 -5.89257e-12   -0.0645877   -0.0645877   -0.0645877   -0.0645877
   -0.035661     0.261782  1.71737e-10  3.22307e-11   3.2531e-11     0.114873     0.114873     0.114873     0.114873
-3.11774e-11  1.71737e-10     0.344756 -2.82033e-11 -2.79442e-11     0.171682     0.171682    -0.171682    -0.171682
-5.83825e-12  3.22307e-11 -2.82033e-11     0.344756 -1.49172e-10    -0.171682     0.171682     0.171682    -0.171682
-5.89257e-12   3.2531e-11 -2.79442e-11 -1.49172e-10     0.344756    -0.171682     0.171682    -0.171682     0.171682
  -0.0645877     0.114873     0.171682    -0.171682    -0.171682      0.30926   -0.0327157   -0.0327157   -0.0327157
  -0.0645877     0.114873     0.171682     0.171682     0.171682   -0.0327157      0.30926   -0.0327157   -0.0327157
  -0.0645877     0.114873    -0.171682     0.171682    -0.171682   -0.0327157   -0.0327157      0.30926   -0.0327157
  -0.0645877     0.114873    -0.171682    -0.171682     0.171682   -0.0327157   -0.0327157   -0.0327157      0.30926