     1.01986   -0.0510718  6.13841e-17 -2.10335e-17  2.55957e-17   -0.0598767   -0.0598767   -0.0598767   -0.0598767
  -0.0510718     0.279669 -2.16399e-16  9.35722e-17 -1.98864e-16     0.115722     0.115722     0.115722     0.115722
 6.13841e-17 -2.16399e-16     0.566817 -7.11417e-17  3.16747e-17     0.144002     0.144002    -0.144002    -0.144002
-2.10335e-17  9.35722e-17 -7.11417e-17     0.566817  7.13428e-17    -0.144002     0.144002     0.144002    -0.144002
 2.55957e-17 -1.98864e-16  3.16747e-17  7.13428e-17     0.566817    -0.144002     0.144002    -0.144002     0.144002
  -0.0598767     0.115722     0.144002    -0.144002    -0.144002     0.159122    0.0127847    0.0127847    0.0127847
  -0.0598767     0.115722     0.144002     0.144002     0.144002    0.0127847     0.159122    0.0127847    0.0127847
  -0.0598767     0.115722    -0.144002     0.144002    -0.144002    0.0127847    0.0127847     0.159122    0.0127847
  -0.0598767     0.115722    -0.144002    -0.144002     0.144002    0.0127847    0.0127847    0.0127847     0.159122