     1.01517    -0.035661 -6.81329e-12 -1.27678e-12 -1.28849e-12   -0.0645877   -0.0645877   -0.0645877   -0.0645877
   -0.035661     0.261782  3.75803e-11  7.05244e-12  7.11848e-12     0.114873     0.114873     0.114873     0.114873
-6.81329e-12  3.75803e-11     0.344756 -5.89879e-12 -5.84595e-12     0.171682     0.171682    -0.171682    -0.171682
-1.27678e-12  7.05244e-12 -5.89879e-12     0.344756 -3.12037e-11    -0.171682     0.171682     0.171682    -0.171682
-1.28849e-12  7.11848e-12 -5.84595e-12 -3.12037e-11     0.344756    -0.171682     0.171682    -0.171682     0.171682
  -0.0645877     0.114873     0.171682    -0.171682    -0.171682      0.30926   -0.0327157   -0.0327157   -0.0327157
  -0.0645877     0.114873     0.171682     0.171682     0.171682   -0.0327157      0.30926   -0.0327157   -0.0327157
  -0.0645877     0.114873    -0.171682     0.171682    -0.171682   -0.0327157   -0.0327157      0.30926   -0.0327157
  -0.0645877     0.114873    -0.171682    -0.171682     0.171682   -0.0327157   -0.0327157   -0.0327157      0.30926