     1.01517    -0.035661 -7.59398e-17 -3.59129e-17  4.34856e-16   -0.0645877   -0.0645877   -0.0645877   -0.0645877
   -0.035661     0.261782  4.02721e-16  2.04256e-16 -8.67384e-16     0.114873     0.114873     0.114873     0.114873
-7.59398e-17  4.02721e-16     0.344756  1.03263e-15 -6.30138e-16     0.171682     0.171682    -0.171682    -0.171682
-3.59129e-17  2.04256e-16  1.03263e-15     0.344756 -1.02179e-15    -0.171682     0.171682     0.171682    -0.171682
 4.34856e-16 -8.67384e-16 -6.30138e-16 -1.02179e-15     0.344756    -0.171682     0.171682    -0.171682     0.171682
  -0.0645877     0.114873     0.171682    -0.171682    -0.171682      0.30926   -0.0327157   -0.0327157   -0.0327157
  -0.0645877     0.114873     0.171682     0.171682     0.171682   -0.0327157      0.30926   -0.0327157   -0.0327157
  -0.0645877     0.114873    -0.171682     0.171682    -0.171682   -0.0327157   -0.0327157      0.30926   -0.0327157
  -0.0645877     0.114873    -0.171682    -0.171682     0.171682   -0.0327157   -0.0327157   -0.0327157      0.30926