     1.01517    -0.035661 -1.07104e-16 -7.55917e-17  3.02422e-16   -0.0645877   -0.0645877   -0.0645877   -0.0645877
   -0.035661     0.261782   5.8473e-16 -1.19299e-16 -6.04594e-16     0.114873     0.114873     0.114873     0.114873
-1.07104e-16   5.8473e-16     0.344756  1.30294e-15 -6.42161e-16     0.171682     0.171682    -0.171682    -0.171682
-7.55917e-17 -1.19299e-16  1.30294e-15     0.344756 -1.19066e-15    -0.171682     0.171682     0.171682    -0.171682
 3.02422e-16 -6.04594e-16 -6.42161e-16 -1.19066e-15     0.344756    -0.171682     0.171682    -0.171682     0.171682
  -0.0645877     0.114873     0.171682    -0.171682    -0.171682      0.30926   -0.0327157   -0.0327157   -0.0327157
  -0.0645877     0.114873     0.171682     0.171682     0.171682   -0.0327157      0.30926   -0.0327157   -0.0327157
  -0.0645877     0.114873    -0.171682     0.171682    -0.171682   -0.0327157   -0.0327157      0.30926   -0.0327157
  -0.0645877     0.114873    -0.171682    -0.171682     0.171682   -0.0327157   -0.0327157   -0.0327157      0.30926