     1.01517    -0.035661 -4.51368e-17 -4.96908e-17   3.4404e-16   -0.0645877   -0.0645877   -0.0645877   -0.0645877
   -0.035661     0.261782  -1.4668e-16  3.54855e-16 -5.67026e-16     0.114873     0.114873     0.114873     0.114873
-4.51368e-17  -1.4668e-16     0.344756  1.63896e-15 -6.14186e-16     0.171682     0.171682    -0.171682    -0.171682
-4.96908e-17  3.54855e-16  1.63896e-15     0.344756 -1.42655e-15    -0.171682     0.171682     0.171682    -0.171682
  3.4404e-16 -5.67026e-16 -6.14186e-16 -1.42655e-15     0.344756    -0.171682     0.171682    -0.171682     0.171682
  -0.0645877     0.114873     0.171682    -0.171682    -0.171682      0.30926   -0.0327157   -0.0327157   -0.0327157
  -0.0645877     0.114873     0.171682     0.171682     0.171682   -0.0327157      0.30926   -0.0327157   -0.0327157
  -0.0645877     0.114873    -0.171682     0.171682    -0.171682   -0.0327157   -0.0327157      0.30926   -0.0327157
  -0.0645877     0.114873    -0.171682    -0.171682     0.171682   -0.0327157   -0.0327157   -0.0327157      0.30926