     1.01517    -0.035661 -2.88678e-09 -5.37179e-10  -5.4227e-10   -0.0645877   -0.0645877   -0.0645877   -0.0645877
   -0.035661     0.261782  1.57981e-08  2.96323e-09  2.99086e-09     0.114873     0.114873     0.114873     0.114873
-2.88678e-09  1.57981e-08     0.344756 -3.11605e-09 -3.08718e-09     0.171682     0.171682    -0.171682    -0.171682
-5.37179e-10  2.96323e-09 -3.11605e-09     0.344756 -1.64861e-08    -0.171682     0.171682     0.171682    -0.171682
 -5.4227e-10  2.99086e-09 -3.08718e-09 -1.64861e-08     0.344756    -0.171682     0.171682    -0.171682     0.171682
  -0.0645877     0.114873     0.171682    -0.171682    -0.171682      0.30926   -0.0327159   -0.0327157   -0.0327156
  -0.0645877     0.114873     0.171682     0.171682     0.171682   -0.0327159      0.30926   -0.0327157   -0.0327157
  -0.0645877     0.114873    -0.171682     0.171682    -0.171682   -0.0327157   -0.0327157      0.30926   -0.0327159
  -0.0645877     0.114873    -0.171682    -0.171682     0.171682   -0.0327156   -0.0327157   -0.0327159      0.30926