     1.01517    -0.035661 -9.55164e-17 -8.72201e-17   3.6136e-16   -0.0645877   -0.0645877   -0.0645877   -0.0645877
   -0.035661     0.261782  2.26906e-16  2.70781e-16 -5.27746e-16     0.114873     0.114873     0.114873     0.114873
-9.55164e-17  2.26906e-16     0.344756  8.48139e-16 -3.07341e-16     0.171682     0.171682    -0.171682    -0.171682
-8.72201e-17  2.70781e-16  8.48139e-16     0.344756 -9.17447e-16    -0.171682     0.171682     0.171682    -0.171682
  3.6136e-16 -5.27746e-16 -3.07341e-16 -9.17447e-16     0.344756    -0.171682     0.171682    -0.171682     0.171682
  -0.0645877     0.114873     0.171682    -0.171682    -0.171682      0.30926   -0.0327157   -0.0327157   -0.0327157
  -0.0645877     0.114873     0.171682     0.171682     0.171682   -0.0327157      0.30926   -0.0327157   -0.0327157
  -0.0645877     0.114873    -0.171682     0.171682    -0.171682   -0.0327157   -0.0327157      0.30926   -0.0327157
  -0.0645877     0.114873    -0.171682    -0.171682     0.171682   -0.0327157   -0.0327157   -0.0327157      0.30926