     1.01517    -0.035661 -1.28524e-08 -2.37918e-09 -2.40198e-09   -0.0645877   -0.0645877   -0.0645877   -0.0645877
   -0.035661     0.261782  7.00787e-08  1.31349e-08  1.32576e-08     0.114873     0.114873     0.114873     0.114873
-1.28524e-08  7.00787e-08     0.344757 -1.50175e-08 -1.48783e-08     0.171682     0.171682    -0.171682    -0.171682
-2.37918e-09  1.31349e-08 -1.50175e-08     0.344756 -7.94648e-08    -0.171682     0.171682     0.171682    -0.171682
-2.40198e-09  1.32576e-08 -1.48783e-08 -7.94648e-08     0.344756    -0.171682     0.171682    -0.171682     0.171682
  -0.0645877     0.114873     0.171682    -0.171682    -0.171682      0.30926   -0.0327164   -0.0327154   -0.0327154
  -0.0645877     0.114873     0.171682     0.171682     0.171682   -0.0327164      0.30926   -0.0327154   -0.0327155
  -0.0645877     0.114873    -0.171682     0.171682    -0.171682   -0.0327154   -0.0327154      0.30926   -0.0327163
  -0.0645877     0.114873    -0.171682    -0.171682     0.171682   -0.0327154   -0.0327155   -0.0327163      0.30926