     1.01517    -0.035661 -6.42519e-10 -1.19942e-10 -1.21071e-10   -0.0645877   -0.0645877   -0.0645877   -0.0645877
   -0.035661     0.261782   3.5259e-09  6.61594e-10  6.67756e-10     0.114873     0.114873     0.114873     0.114873
-6.42519e-10   3.5259e-09     0.344756 -6.48058e-10 -6.42057e-10     0.171682     0.171682    -0.171682    -0.171682
-1.19942e-10  6.61594e-10 -6.48058e-10     0.344756 -3.42825e-09    -0.171682     0.171682     0.171682    -0.171682
-1.21071e-10  6.67756e-10 -6.42057e-10 -3.42825e-09     0.344756    -0.171682     0.171682    -0.171682     0.171682
  -0.0645877     0.114873     0.171682    -0.171682    -0.171682      0.30926   -0.0327158   -0.0327157   -0.0327157
  -0.0645877     0.114873     0.171682     0.171682     0.171682   -0.0327158      0.30926   -0.0327157   -0.0327157
  -0.0645877     0.114873    -0.171682     0.171682    -0.171682   -0.0327157   -0.0327157      0.30926   -0.0327158
  -0.0645877     0.114873    -0.171682    -0.171682     0.171682   -0.0327157   -0.0327157   -0.0327158      0.30926