     1.01501   -0.0361636    0.0027048  0.000603042  0.000606685   -0.0656946   -0.0653221    -0.064817   -0.0648214
  -0.0361636     0.273112  -0.00940382  -0.00199676  -0.00201022     0.115651     0.110685     0.116757     0.116769
   0.0027048  -0.00940382     0.433904   -0.0221403   -0.0219324     0.167003     0.166351    -0.162629    -0.162624
 0.000603042  -0.00199676   -0.0221403     0.324507    -0.118309    -0.163974     0.164785      0.16428    -0.163723
 0.000606685  -0.00201022   -0.0219324    -0.118309     0.326627    -0.163946     0.164756    -0.163732     0.164305
  -0.0656946     0.115651     0.167003    -0.163974    -0.163946     0.351503    -0.145954 -0.000774672  0.000363101
  -0.0653221     0.110685     0.166351     0.164785     0.164756    -0.145954     0.410602   -0.0235352   -0.0249231
   -0.064817     0.116757    -0.162629      0.16428    -0.163732 -0.000774672   -0.0235352     0.231848   -0.0104367
  -0.0648214     0.116769    -0.162624    -0.163723     0.164305  0.000363101   -0.0249231   -0.0104367     0.232092