     1.01517    -0.035661 -1.41961e-10 -2.65519e-11 -2.68006e-11   -0.0645877   -0.0645877   -0.0645877   -0.0645877
   -0.035661     0.261782  7.80674e-10  1.46507e-10  1.47871e-10     0.114873     0.114873     0.114873     0.114873
-1.41961e-10  7.80674e-10     0.344756 -1.35065e-10 -1.33815e-10     0.171682     0.171682    -0.171682    -0.171682
-2.65519e-11  1.46507e-10 -1.35065e-10     0.344756 -7.14422e-10    -0.171682     0.171682     0.171682    -0.171682
-2.68006e-11  1.47871e-10 -1.33815e-10 -7.14422e-10     0.344756    -0.171682     0.171682    -0.171682     0.171682
  -0.0645877     0.114873     0.171682    -0.171682    -0.171682      0.30926   -0.0327158   -0.0327157   -0.0327157
  -0.0645877     0.114873     0.171682     0.171682     0.171682   -0.0327158      0.30926   -0.0327157   -0.0327157
  -0.0645877     0.114873    -0.171682     0.171682    -0.171682   -0.0327157   -0.0327157      0.30926   -0.0327158
  -0.0645877     0.114873    -0.171682    -0.171682     0.171682   -0.0327157   -0.0327157   -0.0327158      0.30926