     1.01517    -0.035661 -1.08989e-16 -1.39265e-16  3.21576e-16   -0.0645877   -0.0645877   -0.0645877   -0.0645877
   -0.035661     0.261782  2.30048e-16  1.44591e-16 -1.08395e-15     0.114873     0.114873     0.114873     0.114873
-1.08989e-16  2.30048e-16     0.344756  1.19205e-15 -5.47726e-16     0.171682     0.171682    -0.171682    -0.171682
-1.39265e-16  1.44591e-16  1.19205e-15     0.344756  -1.6091e-15    -0.171682     0.171682     0.171682    -0.171682
 3.21576e-16 -1.08395e-15 -5.47726e-16  -1.6091e-15     0.344756    -0.171682     0.171682    -0.171682     0.171682
  -0.0645877     0.114873     0.171682    -0.171682    -0.171682      0.30926   -0.0327157   -0.0327157   -0.0327157
  -0.0645877     0.114873     0.171682     0.171682     0.171682   -0.0327157      0.30926   -0.0327157   -0.0327157
  -0.0645877     0.114873    -0.171682     0.171682    -0.171682   -0.0327157   -0.0327157      0.30926   -0.0327157
  -0.0645877     0.114873    -0.171682    -0.171682     0.171682   -0.0327157   -0.0327157   -0.0327157      0.30926