     1.01517    -0.035661 -7.61477e-17 -8.25547e-17  2.94215e-16   -0.0645877   -0.0645877   -0.0645877   -0.0645877
   -0.035661     0.261782  1.59827e-16  2.30904e-16  3.48096e-18     0.114873     0.114873     0.114873     0.114873
-7.61477e-17  1.59827e-16     0.344756  1.11268e-15 -1.93685e-16     0.171682     0.171682    -0.171682    -0.171682
-8.25547e-17  2.30904e-16  1.11268e-15     0.344756 -1.13835e-15    -0.171682     0.171682     0.171682    -0.171682
 2.94215e-16  3.48096e-18 -1.93685e-16 -1.13835e-15     0.344756    -0.171682     0.171682    -0.171682     0.171682
  -0.0645877     0.114873     0.171682    -0.171682    -0.171682      0.30926   -0.0327157   -0.0327157   -0.0327157
  -0.0645877     0.114873     0.171682     0.171682     0.171682   -0.0327157      0.30926   -0.0327157   -0.0327157
  -0.0645877     0.114873    -0.171682     0.171682    -0.171682   -0.0327157   -0.0327157      0.30926   -0.0327157
  -0.0645877     0.114873    -0.171682    -0.171682     0.171682   -0.0327157   -0.0327157   -0.0327157      0.30926