     1.01169   -0.0234006 -7.25918e-18   8.7455e-18  1.33355e-16   -0.0674298   -0.0674298   -0.0674298   -0.0674298
  -0.0234006     0.236563 -2.73328e-16 -3.34492e-16 -1.16633e-16     0.113536     0.113536     0.113536     0.113536
-7.25918e-18 -2.73328e-16     0.318448  1.06494e-15 -6.31017e-16     0.172186     0.172186    -0.172186    -0.172186
  8.7455e-18 -3.34492e-16  1.06494e-15     0.318448 -3.65951e-16    -0.172186     0.172186     0.172186    -0.172186
 1.33355e-16 -1.16633e-16 -6.31017e-16 -3.65951e-16     0.318448    -0.172186     0.172186    -0.172186     0.172186
  -0.0674298     0.113536     0.172186    -0.172186    -0.172186     0.336924   -0.0354828   -0.0354828   -0.0354828
  -0.0674298     0.113536     0.172186     0.172186     0.172186   -0.0354828     0.336924   -0.0354828   -0.0354828
  -0.0674298     0.113536    -0.172186     0.172186    -0.172186   -0.0354828   -0.0354828     0.336924   -0.0354828
  -0.0674298     0.113536    -0.172186    -0.172186     0.172186   -0.0354828   -0.0354828   -0.0354828     0.336924