      1.0151   -0.0354576 -0.000355504  5.64118e-05  5.45134e-05   -0.0645859   -0.0649035   -0.0645702   -0.0645692
  -0.0354576     0.261673    0.0014887  5.37355e-05  5.86918e-05     0.115198      0.11622     0.114007     0.114008
-0.000355504    0.0014887     0.364433  -0.00476039  -0.00471605      0.16985     0.170419    -0.171524    -0.171527
 5.64118e-05  5.37355e-05  -0.00476039     0.330765   -0.0252513    -0.172257     0.172034     0.170992    -0.171502
 5.45134e-05  5.86918e-05  -0.00471605   -0.0252513     0.331402    -0.172252     0.172028    -0.171486     0.170974
  -0.0645859     0.115198      0.16985    -0.172257    -0.172252     0.320873     -0.06149   -0.0247372   -0.0243953
  -0.0649035      0.11622     0.170419     0.172034     0.172028     -0.06149     0.331644   -0.0298466   -0.0302439
  -0.0645702     0.114007    -0.171524     0.170992    -0.171486   -0.0247372   -0.0298466     0.298009   -0.0311268
  -0.0645692     0.114008    -0.171527    -0.171502     0.170974   -0.0243953   -0.0302439   -0.0311268     0.298057