     1.01521   -0.0358263 -0.000205137 -1.38987e-05 -1.45122e-05   -0.0645565   -0.0646555   -0.0644926   -0.0644925
  -0.0358263      0.26214  0.000937129  0.000141372  0.000143372     0.115144      0.11559     0.114404     0.114406
-0.000205137  0.000937129     0.351506  -0.00097927 -0.000970167     0.170967     0.171145     -0.17182    -0.171821
-1.38987e-05  0.000141372  -0.00097927     0.341708   -0.0051894    -0.171982     0.171847     0.171508    -0.171713
-1.45122e-05  0.000143372 -0.000970167   -0.0051894     0.341894    -0.171979     0.171844    -0.171705     0.171499
  -0.0645565     0.115144     0.170967    -0.171982    -0.171979     0.310587   -0.0396277    -0.030351   -0.0302517
  -0.0646555      0.11559     0.171145     0.171847     0.171844   -0.0396277     0.312559   -0.0314483   -0.0315594
  -0.0644926     0.114404     -0.17182     0.171508    -0.171705    -0.030351   -0.0314483     0.306421    -0.033051
  -0.0644925     0.114406    -0.171821    -0.171713     0.171499   -0.0302517   -0.0315594    -0.033051     0.306429