     1.01517   -0.0356616 -6.38939e-05 -8.08243e-06 -8.23452e-06   -0.0645966   -0.0646223   -0.0645657   -0.0645657
  -0.0356616     0.261784  0.000312941  5.40743e-05  5.46702e-05     0.114968     0.115103      0.11471     0.114711
-6.38939e-05  0.000312941     0.346562 -0.000199516 -0.000197662     0.171473     0.171515    -0.171748    -0.171749
-8.08243e-06  5.40743e-05 -0.000199516     0.343733   -0.0010571    -0.171771     0.171723     0.171652    -0.171709
-8.23452e-06  5.46702e-05 -0.000197662   -0.0010571     0.343787     -0.17177     0.171722    -0.171707     0.171649
  -0.0645966     0.114968     0.171473    -0.171771     -0.17177     0.309606   -0.0344963   -0.0320931   -0.0320641
  -0.0646223     0.115103     0.171515     0.171723     0.171722   -0.0344963     0.309969   -0.0323269   -0.0323585
  -0.0645657      0.11471    -0.171748     0.171652    -0.171707   -0.0320931   -0.0323269      0.30884   -0.0330662
  -0.0645657     0.114711    -0.171749    -0.171709     0.171649   -0.0320641   -0.0323585   -0.0330662     0.308842