     1.01517   -0.0356717 -1.15347e-17 -9.65252e-18  3.38287e-16   -0.0645851   -0.0645851   -0.0645851   -0.0645851
  -0.0356717     0.261804  3.49483e-17  1.73374e-16  -4.8315e-16     0.114874     0.114874     0.114874     0.114874
-1.15347e-17  3.49483e-17     0.344869  1.35634e-15 -6.05191e-16     0.171678     0.171678    -0.171678    -0.171678
-9.65252e-18  1.73374e-16  1.35634e-15     0.344869  -1.1359e-15    -0.171678     0.171678     0.171678    -0.171678
 3.38287e-16  -4.8315e-16 -6.05191e-16  -1.1359e-15     0.344869    -0.171678     0.171678    -0.171678     0.171678
  -0.0645851     0.114874     0.171678    -0.171678    -0.171678     0.309161   -0.0326882   -0.0326882   -0.0326882
  -0.0645851     0.114874     0.171678     0.171678     0.171678   -0.0326882     0.309161   -0.0326882   -0.0326882
  -0.0645851     0.114874    -0.171678     0.171678    -0.171678   -0.0326882   -0.0326882     0.309161   -0.0326882
  -0.0645851     0.114874    -0.171678    -0.171678     0.171678   -0.0326882   -0.0326882   -0.0326882     0.309161