     1.01517   -0.0356553 -1.41585e-16 -7.84712e-17  3.02654e-16    -0.064589    -0.064589    -0.064589    -0.064589
  -0.0356553      0.26177  2.62676e-17 -5.68282e-17   -7.034e-16     0.114873     0.114873     0.114873     0.114873
-1.41585e-16  2.62676e-17     0.344743   1.2903e-15 -8.68142e-16     0.171682     0.171682    -0.171682    -0.171682
-7.84712e-17 -5.68282e-17   1.2903e-15     0.344743 -1.40676e-15    -0.171682     0.171682     0.171682    -0.171682
 3.02654e-16   -7.034e-16 -8.68142e-16 -1.40676e-15     0.344743    -0.171682     0.171682    -0.171682     0.171682
   -0.064589     0.114873     0.171682    -0.171682    -0.171682     0.309274   -0.0327174   -0.0327174   -0.0327174
   -0.064589     0.114873     0.171682     0.171682     0.171682   -0.0327174     0.309274   -0.0327174   -0.0327174
   -0.064589     0.114873    -0.171682     0.171682    -0.171682   -0.0327174   -0.0327174     0.309274   -0.0327174
   -0.064589     0.114873    -0.171682    -0.171682     0.171682   -0.0327174   -0.0327174   -0.0327174     0.309274