     1.01517    -0.035661 -4.31912e-06 -7.27431e-07 -7.35837e-07   -0.0645887   -0.0645902   -0.0645859   -0.0645859
   -0.035661     0.261782  2.26564e-05  4.17103e-06  4.21148e-06      0.11488     0.114889     0.114861     0.114861
-4.31912e-06  2.26564e-05      0.34491 -8.32353e-06 -8.24627e-06     0.171666     0.171668    -0.171686    -0.171686
-7.27431e-07  4.17103e-06 -8.32353e-06     0.344675   -4.408e-05    -0.171687     0.171684     0.171681    -0.171685
-7.35837e-07  4.21148e-06 -8.24627e-06   -4.408e-05     0.344679    -0.171687     0.171684    -0.171684     0.171681
  -0.0645887      0.11488     0.171666    -0.171687    -0.171687     0.309271   -0.0328369   -0.0326675    -0.032665
  -0.0645902     0.114889     0.171668     0.171684     0.171684   -0.0328369     0.309283   -0.0326775     -0.03268
  -0.0645859     0.114861    -0.171686     0.171681    -0.171684   -0.0326675   -0.0326775     0.309245   -0.0327699
  -0.0645859     0.114861    -0.171686    -0.171685     0.171681    -0.032665     -0.03268   -0.0327699     0.309245