     1.01517    -0.035661 -1.04334e-06 -1.83985e-07  -1.8593e-07   -0.0645879   -0.0645883   -0.0645872   -0.0645872
   -0.035661     0.261782  5.56184e-06  1.03339e-06  1.04322e-06     0.114875     0.114877      0.11487      0.11487
-1.04334e-06  5.56184e-06     0.344801 -1.70788e-06 -1.69203e-06     0.171678     0.171678    -0.171682    -0.171682
-1.83985e-07  1.03339e-06 -1.70788e-06     0.344733 -9.04241e-06    -0.171683     0.171682     0.171682    -0.171682
 -1.8593e-07  1.04322e-06 -1.69203e-06 -9.04241e-06     0.344734    -0.171683     0.171682    -0.171682     0.171682
  -0.0645879     0.114875     0.171678    -0.171683    -0.171683     0.309262   -0.0327482   -0.0327021   -0.0327014
  -0.0645883     0.114877     0.171678     0.171682     0.171682   -0.0327482     0.309264   -0.0327041   -0.0327049
  -0.0645872      0.11487    -0.171682     0.171682    -0.171682   -0.0327021   -0.0327041     0.309257   -0.0327337
  -0.0645872      0.11487    -0.171682    -0.171682     0.171682   -0.0327014   -0.0327049   -0.0327337     0.309257