     1.01517   -0.0356612 -6.15868e-17  1.24612e-17  4.38923e-16   -0.0645876   -0.0645876   -0.0645876   -0.0645876
  -0.0356612     0.261782 -9.37149e-18 -5.71255e-16 -1.30126e-15     0.114873     0.114873     0.114873     0.114873
-6.15868e-17 -9.37149e-18     0.344759  9.77722e-16 -8.33468e-16     0.171682     0.171682    -0.171682    -0.171682
 1.24612e-17 -5.71255e-16  9.77722e-16     0.344759 -1.51303e-15    -0.171682     0.171682     0.171682    -0.171682
 4.38923e-16 -1.30126e-15 -8.33468e-16 -1.51303e-15     0.344759    -0.171682     0.171682    -0.171682     0.171682
  -0.0645876     0.114873     0.171682    -0.171682    -0.171682     0.309258   -0.0327151   -0.0327151   -0.0327151
  -0.0645876     0.114873     0.171682     0.171682     0.171682   -0.0327151     0.309258   -0.0327151   -0.0327151
  -0.0645876     0.114873    -0.171682     0.171682    -0.171682   -0.0327151   -0.0327151     0.309258   -0.0327151
  -0.0645876     0.114873    -0.171682    -0.171682     0.171682   -0.0327151   -0.0327151   -0.0327151     0.309258