     1.01517    -0.035661 -2.45326e-07 -4.43713e-08 -4.48173e-08   -0.0645878   -0.0645878   -0.0645876   -0.0645876
   -0.035661     0.261782  1.32155e-06  2.46719e-07  2.49042e-07     0.114873     0.114874     0.114872     0.114872
-2.45326e-07  1.32155e-06     0.344769 -3.51511e-07 -3.48251e-07     0.171681     0.171681    -0.171682    -0.171682
-4.43713e-08  2.46719e-07 -3.51511e-07     0.344749 -1.86068e-06    -0.171682     0.171682     0.171682    -0.171682
-4.48173e-08  2.49042e-07 -3.48251e-07 -1.86068e-06      0.34475    -0.171682     0.171682    -0.171682     0.171682
  -0.0645878     0.114873     0.171681    -0.171682    -0.171682      0.30926   -0.0327246   -0.0327119   -0.0327117
  -0.0645878     0.114874     0.171681     0.171682     0.171682   -0.0327246     0.309261   -0.0327123   -0.0327125
  -0.0645876     0.114872    -0.171682     0.171682    -0.171682   -0.0327119   -0.0327123      0.30926   -0.0327215
  -0.0645876     0.114872    -0.171682    -0.171682     0.171682   -0.0327117   -0.0327125   -0.0327215      0.30926