     1.01517   -0.0356608 -1.30862e-16 -4.54533e-17  2.87779e-16   -0.0645877   -0.0645877   -0.0645877   -0.0645877
  -0.0356608     0.261782  4.43477e-16  2.07501e-16 -5.69397e-16     0.114873     0.114873     0.114873     0.114873
-1.30862e-16  4.43477e-16     0.344756  1.63281e-15 -4.17982e-16     0.171682     0.171682    -0.171682    -0.171682
-4.54533e-17  2.07501e-16  1.63281e-15     0.344756  -1.3075e-15    -0.171682     0.171682     0.171682    -0.171682
 2.87779e-16 -5.69397e-16 -4.17982e-16  -1.3075e-15     0.344756    -0.171682     0.171682    -0.171682     0.171682
  -0.0645877     0.114873     0.171682    -0.171682    -0.171682      0.30926   -0.0327158   -0.0327158   -0.0327158
  -0.0645877     0.114873     0.171682     0.171682     0.171682   -0.0327158      0.30926   -0.0327158   -0.0327158
  -0.0645877     0.114873    -0.171682     0.171682    -0.171682   -0.0327158   -0.0327158      0.30926   -0.0327158
  -0.0645877     0.114873    -0.171682    -0.171682     0.171682   -0.0327158   -0.0327158   -0.0327158      0.30926