     1.01517    -0.035661 -8.20429e-17  2.99598e-17  3.02251e-16   -0.0645877   -0.0645877   -0.0645877   -0.0645877
   -0.035661     0.261782  1.49409e-16 -2.13716e-16 -2.00166e-16     0.114873     0.114873     0.114873     0.114873
-8.20429e-17  1.49409e-16     0.344756  1.71617e-15 -7.13964e-16     0.171682     0.171682    -0.171682    -0.171682
 2.99598e-17 -2.13716e-16  1.71617e-15     0.344756 -1.50208e-15    -0.171682     0.171682     0.171682    -0.171682
 3.02251e-16 -2.00166e-16 -7.13964e-16 -1.50208e-15     0.344756    -0.171682     0.171682    -0.171682     0.171682
  -0.0645877     0.114873     0.171682    -0.171682    -0.171682      0.30926   -0.0327157   -0.0327157   -0.0327157
  -0.0645877     0.114873     0.171682     0.171682     0.171682   -0.0327157      0.30926   -0.0327157   -0.0327157
  -0.0645877     0.114873    -0.171682     0.171682    -0.171682   -0.0327157   -0.0327157      0.30926   -0.0327157
  -0.0645877     0.114873    -0.171682    -0.171682     0.171682   -0.0327157   -0.0327157   -0.0327157      0.30926