     1.01517    -0.035661  -5.6568e-08 -1.03816e-08 -1.04829e-08   -0.0645877   -0.0645877   -0.0645877   -0.0645877
   -0.035661     0.261782  3.06899e-07  5.74424e-08  5.79804e-08     0.114873     0.114873     0.114873     0.114873
 -5.6568e-08  3.06899e-07      0.34476 -7.25572e-08 -7.18846e-08     0.171681     0.171681    -0.171682    -0.171682
-1.03816e-08  5.74424e-08 -7.25572e-08     0.344754 -3.83999e-07    -0.171682     0.171682     0.171682    -0.171682
-1.04829e-08  5.79804e-08 -7.18846e-08 -3.83999e-07     0.344754    -0.171682     0.171682    -0.171682     0.171682
  -0.0645877     0.114873     0.171681    -0.171682    -0.171682      0.30926   -0.0327182   -0.0327147   -0.0327146
  -0.0645877     0.114873     0.171681     0.171682     0.171682   -0.0327182      0.30926   -0.0327147   -0.0327148
  -0.0645877     0.114873    -0.171682     0.171682    -0.171682   -0.0327147   -0.0327147      0.30926   -0.0327175
  -0.0645877     0.114873    -0.171682    -0.171682     0.171682   -0.0327146   -0.0327148   -0.0327175      0.30926