     1.04432    -0.190657  2.89829e-17    0.0804565 -2.43278e-16    -0.034688    -0.034688
   -0.190657     0.869842  3.58656e-16     -0.34784  1.22813e-15    0.0313577    0.0313577
 2.89829e-17  3.58656e-16     0.392584  2.05476e-16 -1.46834e-15     0.274076    -0.274076
   0.0804565     -0.34784  2.05476e-16     0.583079   1.1752e-15       0.2412       0.2412
-2.43278e-16  1.22813e-15 -1.46834e-15   1.1752e-15            1  -1.5166e-16 -2.05785e-15
   -0.034688    0.0313577     0.274076       0.2412  -1.5166e-16     0.338397   -0.0442854
   -0.034688    0.0313577    -0.274076       0.2412 -2.05785e-15   -0.0442854     0.338397
