VASP file: Electron density in real space (e/Bohr^3)  PySCF Version: 2.4.0  Date: Tue Dec  5 23:48:58 2023
1.0000000000
    4.42791326     0.00000000     0.00000000 
    0.00000000     4.42791326     0.00000000 
    0.00000000     0.00000000     4.42791326 
    C    H
    1    4
Cartesian 
     2.21395663     2.21395663     2.21395663
     2.84038163     1.58753163     1.58753163
     2.84038163     2.84038163     2.84038163
     1.58753163     2.84038163     1.58753163
     1.58753163     1.58753163     2.84038163

    60     60     60 

 3.82493047e-07  5.54283286e-07  8.00556786e-07  1.15253152e-06  1.65380629e-06  2.36473511e-06  3.36799972e-06  4.77552290e-06  6.73678862e-06  9.44850602e-06  1.31653643e-05  1.82113705e-05  2.49909467e-05  3.39986071e-05  4.58256686e-05  6.11621221e-05  8.07915660e-05  1.05577058e-04  1.36435937e-04  1.74302181e-04  2.20075712e-04  2.74559266e-04  3.38384896e-04  4.11933826e-04  4.95254990e-04  5.87988990e-04  6.89305160e-04  7.97859698e-04  9.11782292e-04  1.02869718e-03  1.14578222e-03  1.25986653e-03  1.36756345e-03  1.46543221e-03  1.55015788e-03  1.61873701e-03  1.66865425e-03  1.69803571e-03  1.70576581e-03  1.69155739e-03  1.65596895e-03  1.60036753e-03  1.52684066e-03  1.43806554e-03  1.33714680e-03  1.22743671e-03  1.11235233e-03  9.95203252e-04  8.79041528e-04  7.66542515e-04  6.59921673e-04  5.60888914e-04  4.70638786e-04  3.89872121e-04  3.18842873e-04  2.57422886e-04  2.05177083e-04  1.61442095e-04  1.25402353e-04  9.61590403e-05 
 5.54283286e-07  8.00365895e-07  1.15158920e-06  1.65132527e-06  2.35990085e-06  3.36051966e-06  4.76679064e-06  6.73204762e-06  9.46054059e-06  1.32204025e-05  1.83580370e-05  2.53132271e-05  3.46338404e-05  4.69885259e-05  6.31753128e-05  8.41235855e-05  1.10886625e-04  1.44621858e-04  1.86556249e-04  2.37934966e-04  2.99952652e-04  3.73668205e-04  4.59905994e-04  5.59148597e-04  6.71428296e-04  7.96226410e-04  9.32390744e-04  1.07808176e-03  1.23075724e-03  1.38720329e-03  1.54361614e-03  1.69573532e-03  1.83902378e-03  1.96888562e-03  2.08090770e-03  2.17110775e-03  2.23616967e-03  2.27364652e-03  2.28211373e-03  2.26125906e-03  2.21190108e-03  2.13593475e-03  2.03620927e-03  1.91634910e-03  1.78053442e-03  1.63325933e-03  1.47908763e-03  1.32242416e-03  1.16731712e-03  1.01730234e-03  8.75296073e-04  7.43537782e-04  6.23580330e-04  5.16321454e-04  4.22068063e-04  3.40623617e-04  2.71388694e-04  2.13465561e-04  1.65758956e-04  1.27067116e-04 
 8.00556786e-07  1.15158920e-06  1.65020936e-06  2.35621868e-06  3.35240961e-06  4.75248995e-06  6.71113111e-06  9.43637754e-06  1.32045113e-05  1.83772277e-05  2.54206304e-05  3.49250942e-05  4.76244750e-05  6.44125156e-05  8.63536519e-05  1.14684863e-04  1.50804848e-04  1.96246771e-04  2.52631234e-04  3.21597128e-04  4.04709552e-04  5.03346218e-04  6.18566331e-04  7.50968860e-04  9.00549871e-04  1.06657101e-03  1.24745268e-03  1.44070585e-03  1.64291524e-03  1.84978391e-03  2.05624506e-03  2.25664138e-03  2.44496593e-03  2.61515205e-03  2.76139385e-03  2.87847437e-03  2.96207542e-03  3.00904353e-03  3.01758869e-03  2.98739809e-03  2.91965449e-03  2.81695763e-03  2.68315609e-03  2.52310508e-03  2.34237186e-03  2.14691407e-03  1.94275691e-03  1.73569325e-03  1.53102645e-03  1.33336992e-03  1.14651124e-03  9.73342218e-04  8.15850830e-04  6.75166547e-04  5.51647758e-04  4.44998405e-04  3.54400915e-04  2.78653556e-04  2.16302213e-04  1.65758956e-04 
 1.15253152e-06  1.65132527e-06  2.35621868e-06  3.34907314e-06  4.74262695e-06  6.69097316e-06  9.40280813e-06  1.31577489e-05  1.83258240e-05  2.53899262e-05  3.49705545e-05  4.78515625e-05  6.50048898e-05  8.76114207e-05  1.17074284e-04  1.55020187e-04  2.03283939e-04  2.63871276e-04  3.38895736e-04  4.30486607e-04  5.40667122e-04  6.71204914e-04  8.23440205e-04  9.98100933e-04  1.19511763e-03  1.41345386e-03  1.65096984e-03  1.90433734e-03  2.16902208e-03  2.43934671e-03  2.70864124e-03  2.96948149e-03  3.21400714e-03  3.43430311e-03  3.62282004e-03  3.77280339e-03  3.87869745e-03  3.93649021e-03  3.94396852e-03  3.90086032e-03  3.80885048e-03  3.67146893e-03  3.49386141e-03  3.28246453e-03  3.04461424e-03  2.78812180e-03  2.52085172e-03  2.25033280e-03  1.98342787e-03  1.72607957e-03  1.48314130e-03  1.25829403e-03  1.05404296e-03  8.71782209e-04  7.11912604e-04  5.73995679e-04  4.56927381e-04  3.59116263e-04  2.78653556e-04  2.13465561e-04 
 1.65380629e-06  2.35990085e-06  3.35240961e-06  4.74262695e-06  6.68292340e-06  9.38043377e-06  1.31143088e-05  1.82568973e-05  2.52989680e-05  3.48786661e-05  4.78132938e-05  6.51322109e-05  8.81081907e-05  1.18283495e-04  1.57485870e-04  2.07828753e-04  2.71689453e-04  3.51659072e-04  4.50458782e-04  5.70818827e-04  7.15319412e-04  8.86196363e-04  1.08511892e-03  1.31295174e-03  1.56951790e-03  1.85338311e-03  2.16168403e-03  2.49002345e-03  2.83245321e-03  3.18156097e-03  3.52866984e-03  3.86415084e-03  4.17783763e-03  4.45952226e-03  4.69950041e-03  4.88912690e-03  5.02133721e-03  5.09109053e-03  5.09569457e-03  5.03498143e-03  4.91131753e-03  4.72944649e-03  4.49617958e-03  4.21996333e-03  3.91036375e-03  3.57751256e-03  3.23156068e-03  2.88217958e-03  2.53814247e-03  2.20700676e-03  1.89490771e-03  1.60646296e-03  1.34477848e-03  1.11154002e-03  9.07170394e-04  7.31030723e-04  5.81644793e-04  4.56927381e-04  3.54400915e-04  2.71388694e-04 
 2.36473511e-06  3.36051966e-06  4.75248995e-06  6.69097316e-06  9.38043377e-06  1.30971373e-05  1.82113300e-05  2.52143748e-05  3.47509496e-05  4.76558717e-05  6.49943323e-05  8.81033088e-05  1.18630689e-04  1.58567281e-04  2.10265557e-04  2.76437823e-04  3.60125910e-04  4.64634539e-04  5.93421674e-04  7.49941488e-04  9.37439208e-04  1.15870189e-03  1.41577481e-03  1.70965928e-03  2.04001313e-03  2.40488003e-03  2.80047600e-03  3.22106223e-03  3.65892994e-03  4.10451750e-03  4.54667102e-03  4.97304810e-03  5.37065157e-03  5.72646604e-03  6.02815730e-03  6.26478402e-03  6.42746481e-03  6.50994272e-03  6.50899528e-03  6.42465016e-03  6.26018453e-03  6.02190730e-03  5.71874501e-03  5.36167122e-03  4.96303265e-03  4.53583229e-03  4.09302863e-03  3.64690325e-03  3.20853651e-03  2.78741696e-03  2.39119502e-03  2.02557777e-03  1.69435129e-03  1.39950872e-03  1.14145830e-03  9.19283763e-04  7.31030723e-04  5.73995679e-04  4.44998405e-04  3.40623617e-04 
 3.36799972e-06  4.76679064e-06  6.71113111e-06  9.40280813e-06  1.31143088e-05  1.82113300e-05  2.51809212e-05  3.46657784e-05  4.75047718e-05  6.47790978e-05  8.78624538e-05  1.18472345e-04  1.58718079e-04  2.11139312e-04  2.78727328e-04  3.64919905e-04  4.73559816e-04  6.08807296e-04  7.74998277e-04  9.76443250e-04  1.21716626e-03  1.50058958e-03  1.82917671e-03  2.20405386e-03  2.62463677e-03  3.08829555e-03  3.59009299e-03  4.12263202e-03  4.67604440e-03  5.23814531e-03  5.79476784e-03  6.33027717e-03  6.82824825e-03  7.27227329e-03  7.64684901e-03  7.93827962e-03  8.13552245e-03  8.23090171e-03  8.22062265e-03  8.10503410e-03  7.88861114e-03  7.57965751e-03  7.18975661e-03  6.73302451e-03  6.22523674e-03  5.68290801e-03  5.12240210e-03  4.55913821e-03  4.00694300e-03  3.47757796e-03  2.98045200e-03  2.52251222e-03  2.10829262e-03  1.74009162e-03  1.41824479e-03  1.14145830e-03  9.07170394e-04  7.11912604e-04  5.51647758e-04  4.22068063e-04 
 4.77552290e-06  6.73204762e-06  9.43637754e-06  1.31577489e-05  1.82568973e-05  2.52143748e-05  3.46657784e-05  4.74444794e-05  6.46318892e-05  8.76144240e-05  1.18145086e-04  1.58405972e-04  2.11066091e-04  2.79326783e-04  3.66945008e-04  4.78223116e-04  6.17952898e-04  7.91302081e-04  1.00363345e-03  1.26025069e-03  1.56607084e-03  1.92523089e-03  2.34064469e-03  2.81353544e-03  3.34297730e-03  3.92548614e-03  4.55470291e-03  5.22121300e-03  5.91254059e-03  6.61334819e-03  7.30585862e-03  7.97049991e-03  8.58675410e-03  9.13416907e-03  9.59347183e-03  9.94770307e-03  1.01832804e-02  1.02908943e-02  1.02661488e-02  1.01098799e-02  9.82811332e-03  9.43166392e-03  8.93541394e-03  8.35734360e-03  7.71740830e-03  7.03636715e-03  6.33466265e-03  5.63143521e-03  4.94373259e-03  4.28594748e-03  3.66949113e-03  3.10268925e-03  2.59087109e-03  2.13661277e-03  1.74009162e-03  1.39950872e-03  1.11154002e-03  8.71782209e-04  6.75166547e-04  5.16321454e-04 
 6.73678862e-06  9.46054059e-06  1.32045113e-05  1.83258240e-05  2.52989680e-05  3.47509496e-05  4.75047718e-05  6.46318892e-05  8.75135928e-05  1.17910190e-04  1.58035317e-04  2.10630727e-04  2.79034586e-04  3.67233712e-04  4.79887826e-04  6.22311906e-04  8.00401846e-04  1.02048925e-03  1.28911377e-03  1.61270638e-03  1.99718413e-03  2.44746634e-03  2.96693259e-03  3.55685369e-03  4.21583670e-03  4.93933223e-03  5.71925644e-03  6.54377954e-03  7.39732759e-03  8.26083411e-03  9.11226308e-03  9.92740535e-03  1.06809269e-02  1.13476213e-02  1.19037910e-02  1.23286597e-02  1.26056980e-02  1.27237404e-02  1.26777795e-02  1.24693501e-02  1.21064534e-02  1.16030240e-02  1.09779912e-02  1.02540304e-02  9.45613187e-03  8.61012180e-03  7.74126491e-03  6.87305385e-03  6.02625696e-03  5.21826088e-03  4.46271103e-03  3.76942671e-03  3.14454918e-03  2.59087109e-03  2.10829262e-03  1.69435129e-03  1.34477848e-03  1.05404296e-03  8.15850830e-04  6.23580330e-04 
 9.44850602e-06  1.32204025e-05  1.83772277e-05  2.53899262e-05  3.48786661e-05  4.76558717e-05  6.47790978e-05  8.76144240e-05  1.17910190e-04  1.57879570e-04  2.10288613e-04  2.78544002e-04  3.66771950e-04  4.79876648e-04  6.23563786e-04  8.04312479e-04  1.02927797e-03  1.30610837e-03  1.64266213e-03  2.04661895e-03  2.52498571e-03  3.08351027e-03  3.72602831e-03  4.45378116e-03  5.26475376e-03  6.15309016e-03  7.10864822e-03  8.11675466e-03  9.15821572e-03  1.02096271e-02  1.12440105e-02  1.22317814e-02  1.31420258e-02  1.39440303e-02  1.46089787e-02  1.51116915e-02  1.54322660e-02  1.55574589e-02  1.54816659e-02  1.52073830e-02  1.47450869e-02  1.41125354e-02  1.33335579e-02  1.24364628e-02  1.14522278e-02  1.04126490e-02  9.34861485e-03  8.28863424e-03  7.25770462e-03  6.27655792e-03  5.36127889e-03  4.52325887e-03  3.76942671e-03  3.10268925e-03  2.52251222e-03  2.02557777e-03  1.60646296e-03  1.25829403e-03  9.73342218e-04  7.43537782e-04 
 1.31653643e-05  1.83580370e-05  2.54206304e-05  3.49705545e-05  4.78132938e-05  6.49943323e-05  8.78624538e-05  1.18145086e-04  1.58035317e-04  2.10288613e-04  2.78325069e-04  3.66330151e-04  4.79343612e-04  6.23322696e-04  8.05162448e-04  1.03265344e-03  1.31435630e-03  1.65937368e-03  2.07700461e-03  2.57627357e-03  3.16533720e-03  3.85078487e-03  4.63686376e-03  5.52467375e-03  6.51138979e-03  7.58957873e-03  8.74668213e-03  9.96473552e-03  1.12203885e-02  1.24852778e-02  1.37267881e-02  1.49092088e-02  1.59952667e-02  1.69479728e-02  1.77326801e-02  1.83192078e-02  1.86838511e-02  1.88110798e-02  1.86947397e-02  1.83386054e-02  1.77562033e-02  1.69699069e-02  1.60093952e-02  1.49096407e-02  1.37086415e-02  1.24451281e-02  1.11564507e-02  9.87680956e-03  8.63592800e-03  7.45820404e-03  6.36232366e-03  5.36127889e-03  4.46271103e-03  3.66949113e-03  2.98045200e-03  2.39119502e-03  1.89490771e-03  1.48314130e-03  1.14651124e-03  8.75296073e-04 
 1.82113705e-05  2.53132271e-05  3.49250942e-05  4.78515625e-05  6.51322109e-05  8.81033088e-05  1.18472345e-04  1.58405972e-04  2.10630727e-04  2.78544002e-04  3.66330151e-04  4.79073330e-04  6.22854802e-04  8.04818427e-04  1.03318426e-03  1.31718750e-03  1.66691903e-03  2.09304576e-03  2.60639400e-03  3.21738809e-03  3.93534914e-03  4.76767370e-03  5.71892923e-03  6.78991915e-03  7.97678407e-03  9.27021582e-03  1.06548652e-02  1.21090238e-02  1.36046534e-02  1.51078252e-02  1.65796114e-02  1.79774468e-02  1.92569417e-02  2.03740812e-02  2.12876943e-02  2.19620181e-02  2.23691393e-02  2.24910633e-02  2.23211760e-02  2.18649038e-02  2.11394657e-02  2.01727187e-02  1.90012156e-02  1.76676899e-02  1.62182445e-02  1.46995371e-02  1.31562223e-02  1.16288486e-02  1.01523234e-02  8.75497897e-03  7.45820404e-03  6.27655792e-03  5.21826088e-03  4.28594748e-03  3.47757796e-03  2.78741696e-03  2.20700676e-03  1.72607957e-03  1.33336992e-03  1.01730234e-03 
 2.49909467e-05  3.46338404e-05  4.76244750e-05  6.50048898e-05  8.81081907e-05  1.18630689e-04  1.58718079e-04  2.11066091e-04  2.79034586e-04  3.66771950e-04  4.79343612e-04  6.22854802e-04  8.04553316e-04  1.03289348e-03  1.31753842e-03  1.66927469e-03  2.09981270e-03  2.62144865e-03  3.24657003e-03  3.98699699e-03  4.85316684e-03  5.85318566e-03  6.99179013e-03  8.26928016e-03  9.68049763e-03  1.12139368e-02  1.28510767e-02  1.45660243e-02  1.63255533e-02  1.80896086e-02  1.98123339e-02  2.14436469e-02  2.29313526e-02  2.42237291e-02  2.52724523e-02  2.60356589e-02  2.64808785e-02  2.65875313e-02  2.63486901e-02  2.57718630e-02  2.48786583e-02  2.37033333e-02  2.22903775e-02  2.06914059e-02  1.89617132e-02  1.71568588e-02  1.53296055e-02  1.35274491e-02  1.17908690e-02  1.01523234e-02  8.63592800e-03  7.25770462e-03  6.02625696e-03  4.94373259e-03  4.00694300e-03  3.20853651e-03  2.53814247e-03  1.98342787e-03  1.53102645e-03  1.16731712e-03 
 3.39986071e-05  4.69885259e-05  6.44125156e-05  8.76114207e-05  1.18283495e-04  1.58567281e-04  2.11139312e-04  2.79326783e-04  3.67233712e-04  4.79876648e-04  6.23322696e-04  8.04818427e-04  1.03289348e-03  1.31741767e-03  1.66958587e-03  2.10180206e-03  2.62743315e-03  3.26040645e-03  4.01463180e-03  4.90324172e-03  5.93765903e-03  7.12652078e-03  8.47450779e-03  9.98114782e-03  1.16396757e-02  1.34360442e-02  1.53481836e-02  1.73456077e-02  1.93894601e-02  2.14330832e-02  2.34231793e-02  2.53016060e-02  2.70078030e-02  2.84817896e-02  2.96675873e-02  3.05168312e-02  3.09922516e-02  3.10706528e-02  3.07450143e-02  3.00254096e-02  2.89385656e-02  2.75260658e-02  2.58413845e-02  2.39460992e-02  2.19057218e-02  1.97856067e-02  1.76473317e-02  1.55458347e-02  1.35274491e-02  1.16288486e-02  9.87680956e-03  8.28863424e-03  6.87305385e-03  5.63143521e-03  4.55913821e-03  3.64690325e-03  2.88217958e-03  2.25033280e-03  1.73569325e-03  1.32242416e-03 
 4.58256686e-05  6.31753128e-05  8.63536519e-05  1.17074284e-04  1.57485870e-04  2.10265557e-04  2.78727328e-04  3.66945008e-04  4.79887826e-04  6.23563786e-04  8.05162448e-04  1.03318426e-03  1.31753842e-03  1.66958587e-03  2.10209947e-03  2.62911015e-03  3.26560787e-03  4.02706947e-03  4.92879458e-03  5.98504388e-03  7.20799221e-03  8.60653020e-03  1.01849693e-02  1.19417253e-02  1.38680704e-02  1.59470541e-02  1.81526971e-02  2.04495640e-02  2.27928157e-02  2.51288393e-02  2.73965394e-02  2.95293494e-02  3.14579798e-02  3.31138438e-02  3.44330068e-02  3.53603888e-02  3.58538424e-02  3.58876566e-02  3.54550292e-02  3.45691297e-02  3.32625343e-02  3.15850342e-02  2.96000511e-02  2.73800865e-02  2.50017500e-02  2.25409244e-02  2.00685462e-02  1.76473317e-02  1.53296055e-02  1.31562223e-02  1.11564507e-02  9.34861485e-03  7.74126491e-03  6.33466265e-03  5.12240210e-03  4.09302863e-03  3.23156068e-03  2.52085172e-03  1.94275691e-03  1.47908763e-03 
 6.11621221e-05  8.41235855e-05  1.14684863e-04  1.55020187e-04  2.07828753e-04  2.76437823e-04  3.64919905e-04  4.78223116e-04  6.22311906e-04  8.04312479e-04  1.03265344e-03  1.31718750e-03  1.66927469e-03  2.10180206e-03  2.62911015e-03  3.26679344e-03  4.03134219e-03  4.93959758e-03  6.00800138e-03  7.25163646e-03  8.68307388e-03  1.03110644e-02  1.21391347e-02  1.41641695e-02  1.63750731e-02  1.87516166e-02  2.12635795e-02  2.38702945e-02  2.65207085e-02  2.91540676e-02  3.17013298e-02  3.40873858e-02  3.62341232e-02  3.80642858e-02  3.95059643e-02  4.04974142e-02  4.09917600e-02  4.09610524e-02  4.03991293e-02  3.93228237e-02  3.77712520e-02  3.58031847e-02  3.34927829e-02  3.09242188e-02  2.81858391e-02  2.53645409e-02  2.25409244e-02  1.97856067e-02  1.71568588e-02  1.46995371e-02  1.24451281e-02  1.04126490e-02  8.61012180e-03  7.03636715e-03  5.68290801e-03  4.53583229e-03  3.57751256e-03  2.78812180e-03  2.14691407e-03  1.63325933e-03 
 8.07915660e-05  1.10886625e-04  1.50804848e-04  2.03283939e-04  2.71689453e-04  3.60125910e-04  4.73559816e-04  6.17952898e-04  8.00401846e-04  1.02927797e-03  1.31435630e-03  1.66691903e-03  2.09981270e-03  2.62743315e-03  3.26560787e-03  4.03134219e-03  4.94239685e-03  6.01666927e-03  7.27136111e-03  8.72193080e-03  1.03808500e-02  1.22562058e-02  1.43502129e-02  1.66577200e-02  1.91648087e-02  2.18475906e-02  2.46713140e-02  2.75898942e-02  3.05459844e-02  3.34717124e-02  3.62902029e-02  3.89179932e-02  4.12683993e-02  4.32557971e-02  4.48006497e-02  4.58349404e-02  4.63075078e-02  4.61886596e-02  4.54734215e-02  4.41828774e-02  4.23632884e-02  4.00829910e-02  3.74274138e-02  3.44928288e-02  3.13796180e-02  2.81858391e-02  2.50017500e-02  2.19057218e-02  1.89617132e-02  1.62182445e-02  1.37086415e-02  1.14522278e-02  9.45613187e-03  7.71740830e-03  6.22523674e-03  4.96303265e-03  3.91036375e-03  3.04461424e-03  2.34237186e-03  1.78053442e-03 
 1.05577058e-04  1.44621858e-04  1.96246771e-04  2.63871276e-04  3.51659072e-04  4.64634539e-04  6.08807296e-04  7.91302081e-04  1.02048925e-03  1.30610837e-03  1.65937368e-03  2.09304576e-03  2.62144865e-03  3.26040645e-03  4.02706947e-03  4.93959758e-03  6.01666927e-03  7.27679095e-03  8.73739124e-03  1.04137020e-02  1.23174475e-02  1.44553873e-02  1.68277785e-02  1.94268435e-02  2.22353406e-02  2.52253434e-02  2.83573383e-02  3.15797556e-02  3.48290586e-02  3.80305259e-02  4.10998724e-02  4.39458376e-02  4.64738273e-02  4.85905880e-02  5.02097396e-02  5.12577943e-02  5.16800929e-02  5.14459480e-02  5.05522521e-02  4.90249251e-02  4.69178386e-02  4.43092212e-02  4.12959411e-02  3.79863844e-02  3.44928288e-02  3.09242188e-02  2.73800865e-02  2.39460992e-02  2.06914059e-02  1.76676899e-02  1.49096407e-02  1.24364628e-02  1.02540304e-02  8.35734360e-03  6.73302451e-03  5.36167122e-03  4.21996333e-03  3.28246453e-03  2.52310508e-03  1.91634910e-03 
 1.36435937e-04  1.86556249e-04  2.52631234e-04  3.38895736e-04  4.50458782e-04  5.93421674e-04  7.74998277e-04  1.00363345e-03  1.28911377e-03  1.64266213e-03  2.07700461e-03  2.60639400e-03  3.24657003e-03  4.01463180e-03  4.92879458e-03  6.00800138e-03  7.27136111e-03  8.73739124e-03  1.04230534e-02  1.23425861e-02  1.45061602e-02  1.69184011e-02  1.95768461e-02  2.24704199e-02  2.55780220e-02  2.88673272e-02  3.22939064e-02  3.58007800e-02  3.93185349e-02  4.27661512e-02  4.60527051e-02  4.90801044e-02  5.17469653e-02  5.39536309e-02  5.56081500e-02  5.66328166e-02  5.69706395e-02  5.65909497e-02  5.54933111e-02  5.37090314e-02  5.12998683e-02  4.83539394e-02  4.49792911e-02  4.12959411e-02  3.74274138e-02  3.34927829e-02  2.96000511e-02  2.58413845e-02  2.22903775e-02  1.90012156e-02  1.60093952e-02  1.33335579e-02  1.09779912e-02  8.93541394e-03  7.18975661e-03  5.71874501e-03  4.49617958e-03  3.49386141e-03  2.68315609e-03  2.03620927e-03 
 1.74302181e-04  2.37934966e-04  3.21597128e-04  4.30486607e-04  5.70818827e-04  7.49941488e-04  9.76443250e-04  1.26025069e-03  1.61270638e-03  2.04661895e-03  2.57627357e-03  3.21738809e-03  3.98699699e-03  4.90324172e-03  5.98504388e-03  7.25163646e-03  8.72193080e-03  1.04137020e-02  1.23425861e-02  1.45208975e-02  1.69562906e-02  1.96503138e-02  2.25969165e-02  2.57809877e-02  2.91770143e-02  3.27479502e-02  3.64443973e-02  4.02042077e-02  4.39526409e-02  4.76032342e-02  5.10595701e-02  5.42181241e-02  5.69723250e-02  5.92178448e-02  6.08589353e-02  6.18153843e-02  6.20294109e-02  6.14716309e-02  6.01451832e-02  5.80872459e-02  5.53675017e-02  5.20835742e-02  4.83539394e-02  4.43092212e-02  4.00829910e-02  3.58031847e-02  3.15850342e-02  2.75260658e-02  2.37033333e-02  2.01727187e-02  1.69699069e-02  1.41125354e-02  1.16030240e-02  9.43166392e-03  7.57965751e-03  6.02190730e-03  4.72944649e-03  3.67146893e-03  2.81695763e-03  2.13593475e-03 
 2.20075712e-04  2.99952652e-04  4.04709552e-04  5.40667122e-04  7.15319412e-04  9.37439208e-04  1.21716626e-03  1.56607084e-03  1.99718413e-03  2.52498571e-03  3.16533720e-03  3.93534914e-03  4.85316684e-03  5.93765903e-03  7.20799221e-03  8.68307388e-03  1.03808500e-02  1.23174475e-02  1.45061602e-02  1.69562906e-02  1.96718715e-02  2.26503113e-02  2.58810162e-02  2.93440593e-02  3.30089697e-02  3.68337240e-02  4.07640282e-02  4.47329988e-02  4.86613728e-02  5.24584196e-02  5.60237521e-02  5.92502444e-02  6.20282091e-02  6.42508647e-02  6.58209109e-02  6.66577638e-02  6.67047264e-02  6.59351731e-02  6.43567758e-02  6.20129533e-02  5.89810821e-02  5.53675017e-02  5.12998683e-02  4.69178386e-02  4.23632884e-02  3.77712520e-02  3.32625343e-02  2.89385656e-02  2.48786583e-02  2.11394657e-02  1.77562033e-02  1.47450869e-02  1.21064534e-02  9.82811332e-03  7.88861114e-03  6.26018453e-03  4.91131753e-03  3.80885048e-03  2.91965449e-03  2.21190108e-03 
 2.74559266e-04  3.73668205e-04  5.03346218e-04  6.71204914e-04  8.86196363e-04  1.15870189e-03  1.50058958e-03  1.92523089e-03  2.44746634e-03  3.08351027e-03  3.85078487e-03  4.76767370e-03  5.85318566e-03  7.12652078e-03  8.60653020e-03  1.03110644e-02  1.22562058e-02  1.44553873e-02  1.69184011e-02  1.96503138e-02  2.26503113e-02  2.59105055e-02  2.94147497e-02  3.31375106e-02  3.70428573e-02  4.10836312e-02  4.52008738e-02  4.93236119e-02  5.33691342e-02  5.72439367e-02  6.08455507e-02  6.40654781e-02  6.67934043e-02  6.89227301e-02  7.03572402e-02  7.10184468e-02  7.08528563e-02  6.98382029e-02  6.79876388e-02  6.53510394e-02  6.20129533e-02  5.80872459e-02  5.37090314e-02  4.90249251e-02  4.41828774e-02  3.93228237e-02  3.45691297e-02  3.00254096e-02  2.57718630e-02  2.18649038e-02  1.83386054e-02  1.52073830e-02  1.24693501e-02  1.01098799e-02  8.10503410e-03  6.42465016e-03  5.03498143e-03  3.90086032e-03  2.98739809e-03  2.26125906e-03 
 3.38384896e-04  4.59905994e-04  6.18566331e-04  8.23440205e-04  1.08511892e-03  1.41577481e-03  1.82917671e-03  2.34064469e-03  2.96693259e-03  3.72602831e-03  4.63686376e-03  5.71892923e-03  6.99179013e-03  8.47450779e-03  1.01849693e-02  1.21391347e-02  1.43502129e-02  1.68277785e-02  1.95768461e-02  2.25969165e-02  2.58810162e-02  2.94147497e-02  3.31753912e-02  3.71310425e-02  4.12398944e-02  4.54496323e-02  4.96970512e-02  5.39079687e-02  5.79975718e-02  6.18713812e-02  6.54270592e-02  6.85572982e-02  7.11539744e-02  7.31136132e-02  7.43439862e-02  7.47713718e-02  7.43477188e-02  7.30567412e-02  7.09179304e-02  6.79876388e-02  6.43567758e-02  6.01451832e-02  5.54933111e-02  5.05522521e-02  4.54734215e-02  4.03991293e-02  3.54550292e-02  3.07450143e-02  2.63486901e-02  2.23211760e-02  1.86947397e-02  1.54816659e-02  1.26777795e-02  1.02661488e-02  8.22062265e-03  6.50899528e-03  5.09569457e-03  3.94396852e-03  3.01758869e-03  2.28211373e-03 
 4.11933826e-04  5.59148597e-04  7.50968860e-04  9.98100933e-04  1.31295174e-03  1.70965928e-03  2.20405386e-03  2.81353544e-03  3.55685369e-03  4.45378116e-03  5.52467375e-03  6.78991915e-03  8.26928016e-03  9.98114782e-03  1.19417253e-02  1.41641695e-02  1.66577200e-02  1.94268435e-02  2.24704199e-02  2.57809877e-02  2.93440593e-02  3.31375106e-02  3.71310425e-02  4.12857129e-02  4.55535430e-02  4.98772162e-02  5.41899139e-02  5.84153700e-02  6.24682809e-02  6.62552595e-02  6.96765725e-02  7.26289055e-02  7.50093484e-02  7.67206519e-02  7.76775782e-02  7.78138790e-02  7.70891489e-02  7.54945972e-02  7.30567412e-02  6.98382029e-02  6.59351731e-02  6.14716309e-02  5.65909497e-02  5.14459480e-02  4.61886596e-02  4.09610524e-02  3.58876566e-02  3.10706528e-02  2.65875313e-02  2.24910633e-02  1.88110798e-02  1.55574589e-02  1.27237404e-02  1.02908943e-02  8.23090171e-03  6.50994272e-03  5.09109053e-03  3.93649021e-03  3.00904353e-03  2.27364652e-03 
 4.95254990e-04  6.71428296e-04  9.00549871e-04  1.19511763e-03  1.56951790e-03  2.04001313e-03  2.62463677e-03  3.34297730e-03  4.21583670e-03  5.26475376e-03  6.51138979e-03  7.97678407e-03  9.68049763e-03  1.16396757e-02  1.38680704e-02  1.63750731e-02  1.91648087e-02  2.22353406e-02  2.55780220e-02  2.91770143e-02  3.30089697e-02  3.70428573e-02  4.12398944e-02  4.55535430e-02  4.99295349e-02  5.43059130e-02  5.86131113e-02  6.27741510e-02  6.67050876e-02  7.03159097e-02  7.35121376e-02  7.61973734e-02  7.82770003e-02  7.96630826e-02  8.02802939e-02  8.00724202e-02  7.90087096e-02  7.70891489e-02  7.43477188e-02  7.08528563e-02  6.67047264e-02  6.20294109e-02  5.69706395e-02  5.16800929e-02  4.63075078e-02  4.09917600e-02  3.58538424e-02  3.09922516e-02  2.64808785e-02  2.23691393e-02  1.86838511e-02  1.54322660e-02  1.26056980e-02  1.01832804e-02  8.13552245e-03  6.42746481e-03  5.02133721e-03  3.87869745e-03  2.96207542e-03  2.23616967e-03 
 5.87988990e-04  7.96226410e-04  1.06657101e-03  1.41345386e-03  1.85338311e-03  2.40488003e-03  3.08829555e-03  3.92548614e-03  4.93933223e-03  6.15309016e-03  7.58957873e-03  9.27021582e-03  1.12139368e-02  1.34360442e-02  1.59470541e-02  1.87516166e-02  2.18475906e-02  2.52253434e-02  2.88673272e-02  3.27479502e-02  3.68337240e-02  4.10836312e-02  4.54496323e-02  4.98772162e-02  5.43059130e-02  5.86697165e-02  6.28974194e-02  6.69129283e-02  7.06357030e-02  7.39815338e-02  7.68639140e-02  7.91962726e-02  8.08952611e-02  8.18851533e-02  8.21031879e-02  8.15054238e-02  8.00724202e-02  7.78138790e-02  7.47713718e-02  7.10184468e-02  6.66577638e-02  6.18153843e-02  5.66328166e-02  5.12577943e-02  4.58349404e-02  4.04974142e-02  3.53603888e-02  3.05168312e-02  2.60356589e-02  2.19620181e-02  1.83192078e-02  1.51116915e-02  1.23286597e-02  9.94770307e-03  7.93827962e-03  6.26478402e-03  4.88912690e-03  3.77280339e-03  2.87847437e-03  2.17110775e-03 
 6.89305160e-04  9.32390744e-04  1.24745268e-03  1.65096984e-03  2.16168403e-03  2.80047600e-03  3.59009299e-03  4.55470291e-03  5.71925644e-03  7.10864822e-03  8.74668213e-03  1.06548652e-02  1.28510767e-02  1.53481836e-02  1.81526971e-02  2.12635795e-02  2.46713140e-02  2.83573383e-02  3.22939064e-02  3.64443973e-02  4.07640282e-02  4.52008738e-02  4.96970512e-02  5.41899139e-02  5.86131113e-02  6.28974194e-02  6.69713200e-02  7.07613928e-02  7.41926789e-02  7.71892457e-02  7.96752322e-02  8.15766476e-02  8.28241237e-02  8.33566784e-02  8.31263342e-02  8.21031879e-02  8.02802939e-02  7.76775782e-02  7.43439862e-02  7.03572402e-02  6.58209109e-02  6.08589353e-02  5.56081500e-02  5.02097396e-02  4.48006497e-02  3.95059643e-02  3.44330068e-02  2.96675873e-02  2.52724523e-02  2.12876943e-02  1.77326801e-02  1.46089787e-02  1.19037910e-02  9.59347183e-03  7.64684901e-03  6.02815730e-03  4.69950041e-03  3.62282004e-03  2.76139385e-03  2.08090770e-03 
 7.97859698e-04  1.07808176e-03  1.44070585e-03  1.90433734e-03  2.49002345e-03  3.22106223e-03  4.12263202e-03  5.22121300e-03  6.54377954e-03  8.11675466e-03  9.96473552e-03  1.21090238e-02  1.45660243e-02  1.73456077e-02  2.04495640e-02  2.38702945e-02  2.75898942e-02  3.15797556e-02  3.58007800e-02  4.02042077e-02  4.47329988e-02  4.93236119e-02  5.39079687e-02  5.84153700e-02  6.27741510e-02  6.69129283e-02  7.07613928e-02  7.42507150e-02  7.73137387e-02  7.98852272e-02  8.19024632e-02  8.33064948e-02  8.40442351e-02  8.40714767e-02  8.33566784e-02  8.18851533e-02  7.96630826e-02  7.67206519e-02  7.31136132e-02  6.89227301e-02  6.42508647e-02  5.92178448e-02  5.39536309e-02  4.85905880e-02  4.32557971e-02  3.80642858e-02  3.31138438e-02  2.84817896e-02  2.42237291e-02  2.03740812e-02  1.69479728e-02  1.39440303e-02  1.13476213e-02  9.13416907e-03  7.27227329e-03  5.72646604e-03  4.45952226e-03  3.43430311e-03  2.61515205e-03  1.96888562e-03 
 9.11782292e-04  1.23075724e-03  1.64291524e-03  2.16902208e-03  2.83245321e-03  3.65892994e-03  4.67604440e-03  5.91254059e-03  7.39732759e-03  9.15821572e-03  1.12203885e-02  1.36046534e-02  1.63255533e-02  1.93894601e-02  2.27928157e-02  2.65207085e-02  3.05459844e-02  3.48290586e-02  3.93185349e-02  4.39526409e-02  4.86613728e-02  5.33691342e-02  5.79975718e-02  6.24682809e-02  6.67050876e-02  7.06357030e-02  7.41926789e-02  7.73137387e-02  7.99416931e-02  8.20242429e-02  8.35140109e-02  8.43691191e-02  8.45545318e-02  8.40442351e-02  8.28241237e-02  8.08952611e-02  7.82770003e-02  7.50093484e-02  7.11539744e-02  6.67934043e-02  6.20282091e-02  5.69723250e-02  5.17469653e-02  4.64738273e-02  4.12683993e-02  3.62341232e-02  3.14579798e-02  2.70078030e-02  2.29313526e-02  1.92569417e-02  1.59952667e-02  1.31420258e-02  1.06809269e-02  8.58675410e-03  6.82824825e-03  5.37065157e-03  4.17783763e-03  3.21400714e-03  2.44496593e-03  1.83902378e-03 
 1.02869718e-03  1.38720329e-03  1.84978391e-03  2.43934671e-03  3.18156097e-03  4.10451750e-03  5.23814531e-03  6.61334819e-03  8.26083411e-03  1.02096271e-02  1.24852778e-02  1.51078252e-02  1.80896086e-02  2.14330832e-02  2.51288393e-02  2.91540676e-02  3.34717124e-02  3.80305259e-02  4.27661512e-02  4.76032342e-02  5.24584196e-02  5.72439367e-02  6.18713812e-02  6.62552595e-02  7.03159097e-02  7.39815338e-02  7.71892457e-02  7.98852272e-02  8.20242429e-02  8.35688721e-02  8.44888516e-02  8.47608788e-02  8.43691191e-02  8.33064948e-02  8.15766476e-02  7.91962726e-02  7.61973734e-02  7.26289055e-02  6.85572982e-02  6.40654781e-02  5.92502444e-02  5.42181241e-02  4.90801044e-02  4.39458376e-02  3.89179932e-02  3.40873858e-02  2.95293494e-02  2.53016060e-02  2.14436469e-02  1.79774468e-02  1.49092088e-02  1.22317814e-02  9.92740535e-03  7.97049991e-03  6.33027717e-03  4.97304810e-03  3.86415084e-03  2.96948149e-03  2.25664138e-03  1.69573532e-03 
 1.14578222e-03  1.54361614e-03  2.05624506e-03  2.70864124e-03  3.52866984e-03  4.54667102e-03  5.79476784e-03  7.30585862e-03  9.11226308e-03  1.12440105e-02  1.37267881e-02  1.65796114e-02  1.98123339e-02  2.34231793e-02  2.73965394e-02  3.17013298e-02  3.62902029e-02  4.10998724e-02  4.60527051e-02  5.10595701e-02  5.60237521e-02  6.08455507e-02  6.54270592e-02  6.96765725e-02  7.35121376e-02  7.68639140e-02  7.96752322e-02  8.19024632e-02  8.35140109e-02  8.44888516e-02  8.48150788e-02  8.44888516e-02  8.35140109e-02  8.19024632e-02  7.96752322e-02  7.68639140e-02  7.35121376e-02  6.96765725e-02  6.54270592e-02  6.08455507e-02  5.60237521e-02  5.10595701e-02  4.60527051e-02  4.10998724e-02  3.62902029e-02  3.17013298e-02  2.73965394e-02  2.34231793e-02  1.98123339e-02  1.65796114e-02  1.37267881e-02  1.12440105e-02  9.11226308e-03  7.30585862e-03  5.79476784e-03  4.54667102e-03  3.52866984e-03  2.70864124e-03  2.05624506e-03  1.54361614e-03 
 1.25986653e-03  1.69573532e-03  2.25664138e-03  2.96948149e-03  3.86415084e-03  4.97304810e-03  6.33027717e-03  7.97049991e-03  9.92740535e-03  1.22317814e-02  1.49092088e-02  1.79774468e-02  2.14436469e-02  2.53016060e-02  2.95293494e-02  3.40873858e-02  3.89179932e-02  4.39458376e-02  4.90801044e-02  5.42181241e-02  5.92502444e-02  6.40654781e-02  6.85572982e-02  7.26289055e-02  7.61973734e-02  7.91962726e-02  8.15766476e-02  8.33064948e-02  8.43691191e-02  8.47608788e-02  8.44888516e-02  8.35688721e-02  8.20242429e-02  7.98852272e-02  7.71892457e-02  7.39815338e-02  7.03159097e-02  6.62552595e-02  6.18713812e-02  5.72439367e-02  5.24584196e-02  4.76032342e-02  4.27661512e-02  3.80305259e-02  3.34717124e-02  2.91540676e-02  2.51288393e-02  2.14330832e-02  1.80896086e-02  1.51078252e-02  1.24852778e-02  1.02096271e-02  8.26083411e-03  6.61334819e-03  5.23814531e-03  4.10451750e-03  3.18156097e-03  2.43934671e-03  1.84978391e-03  1.38720329e-03 
 1.36756345e-03  1.83902378e-03  2.44496593e-03  3.21400714e-03  4.17783763e-03  5.37065157e-03  6.82824825e-03  8.58675410e-03  1.06809269e-02  1.31420258e-02  1.59952667e-02  1.92569417e-02  2.29313526e-02  2.70078030e-02  3.14579798e-02  3.62341232e-02  4.12683993e-02  4.64738273e-02  5.17469653e-02  5.69723250e-02  6.20282091e-02  6.67934043e-02  7.11539744e-02  7.50093484e-02  7.82770003e-02  8.08952611e-02  8.28241237e-02  8.40442351e-02  8.45545318e-02  8.43691191e-02  8.35140109e-02  8.20242429e-02  7.99416931e-02  7.73137387e-02  7.41926789e-02  7.06357030e-02  6.67050876e-02  6.24682809e-02  5.79975718e-02  5.33691342e-02  4.86613728e-02  4.39526409e-02  3.93185349e-02  3.48290586e-02  3.05459844e-02  2.65207085e-02  2.27928157e-02  1.93894601e-02  1.63255533e-02  1.36046534e-02  1.12203885e-02  9.15821572e-03  7.39732759e-03  5.91254059e-03  4.67604440e-03  3.65892994e-03  2.83245321e-03  2.16902208e-03  1.64291524e-03  1.23075724e-03 
 1.46543221e-03  1.96888562e-03  2.61515205e-03  3.43430311e-03  4.45952226e-03  5.72646604e-03  7.27227329e-03  9.13416907e-03  1.13476213e-02  1.39440303e-02  1.69479728e-02  2.03740812e-02  2.42237291e-02  2.84817896e-02  3.31138438e-02  3.80642858e-02  4.32557971e-02  4.85905880e-02  5.39536309e-02  5.92178448e-02  6.42508647e-02  6.89227301e-02  7.31136132e-02  7.67206519e-02  7.96630826e-02  8.18851533e-02  8.33566784e-02  8.40714767e-02  8.40442351e-02  8.33064948e-02  8.19024632e-02  7.98852272e-02  7.73137387e-02  7.42507150e-02  7.07613928e-02  6.69129283e-02  6.27741510e-02  5.84153700e-02  5.39079687e-02  4.93236119e-02  4.47329988e-02  4.02042077e-02  3.58007800e-02  3.15797556e-02  2.75898942e-02  2.38702945e-02  2.04495640e-02  1.73456077e-02  1.45660243e-02  1.21090238e-02  9.96473552e-03  8.11675466e-03  6.54377954e-03  5.22121300e-03  4.12263202e-03  3.22106223e-03  2.49002345e-03  1.90433734e-03  1.44070585e-03  1.07808176e-03 
 1.55015788e-03  2.08090770e-03  2.76139385e-03  3.62282004e-03  4.69950041e-03  6.02815730e-03  7.64684901e-03  9.59347183e-03  1.19037910e-02  1.46089787e-02  1.77326801e-02  2.12876943e-02  2.52724523e-02  2.96675873e-02  3.44330068e-02  3.95059643e-02  4.48006497e-02  5.02097396e-02  5.56081500e-02  6.08589353e-02  6.58209109e-02  7.03572402e-02  7.43439862e-02  7.76775782e-02  8.02802939e-02  8.21031879e-02  8.31263342e-02  8.33566784e-02  8.28241237e-02  8.15766476e-02  7.96752322e-02  7.71892457e-02  7.41926789e-02  7.07613928e-02  6.69713200e-02  6.28974194e-02  5.86131113e-02  5.41899139e-02  4.96970512e-02  4.52008738e-02  4.07640282e-02  3.64443973e-02  3.22939064e-02  2.83573383e-02  2.46713140e-02  2.12635795e-02  1.81526971e-02  1.53481836e-02  1.28510767e-02  1.06548652e-02  8.74668213e-03  7.10864822e-03  5.71925644e-03  4.55470291e-03  3.59009299e-03  2.80047600e-03  2.16168403e-03  1.65096984e-03  1.24745268e-03  9.32390744e-04 
 1.61873701e-03  2.17110775e-03  2.87847437e-03  3.77280339e-03  4.88912690e-03  6.26478402e-03  7.93827962e-03  9.94770307e-03  1.23286597e-02  1.51116915e-02  1.83192078e-02  2.19620181e-02  2.60356589e-02  3.05168312e-02  3.53603888e-02  4.04974142e-02  4.58349404e-02  5.12577943e-02  5.66328166e-02  6.18153843e-02  6.66577638e-02  7.10184468e-02  7.47713718e-02  7.78138790e-02  8.00724202e-02  8.15054238e-02  8.21031879e-02  8.18851533e-02  8.08952611e-02  7.91962726e-02  7.68639140e-02  7.39815338e-02  7.06357030e-02  6.69129283e-02  6.28974194e-02  5.86697165e-02  5.43059130e-02  4.98772162e-02  4.54496323e-02  4.10836312e-02  3.68337240e-02  3.27479502e-02  2.88673272e-02  2.52253434e-02  2.18475906e-02  1.87516166e-02  1.59470541e-02  1.34360442e-02  1.12139368e-02  9.27021582e-03  7.58957873e-03  6.15309016e-03  4.93933223e-03  3.92548614e-03  3.08829555e-03  2.40488003e-03  1.85338311e-03  1.41345386e-03  1.06657101e-03  7.96226410e-04 
 1.66865425e-03  2.23616967e-03  2.96207542e-03  3.87869745e-03  5.02133721e-03  6.42746481e-03  8.13552245e-03  1.01832804e-02  1.26056980e-02  1.54322660e-02  1.86838511e-02  2.23691393e-02  2.64808785e-02  3.09922516e-02  3.58538424e-02  4.09917600e-02  4.63075078e-02  5.16800929e-02  5.69706395e-02  6.20294109e-02  6.67047264e-02  7.08528563e-02  7.43477188e-02  7.70891489e-02  7.90087096e-02  8.00724202e-02  8.02802939e-02  7.96630826e-02  7.82770003e-02  7.61973734e-02  7.35121376e-02  7.03159097e-02  6.67050876e-02  6.27741510e-02  5.86131113e-02  5.43059130e-02  4.99295349e-02  4.55535430e-02  4.12398944e-02  3.70428573e-02  3.30089697e-02  2.91770143e-02  2.55780220e-02  2.22353406e-02  1.91648087e-02  1.63750731e-02  1.38680704e-02  1.16396757e-02  9.68049763e-03  7.97678407e-03  6.51138979e-03  5.26475376e-03  4.21583670e-03  3.34297730e-03  2.62463677e-03  2.04001313e-03  1.56951790e-03  1.19511763e-03  9.00549871e-04  6.71428296e-04 
 1.69803571e-03  2.27364652e-03  3.00904353e-03  3.93649021e-03  5.09109053e-03  6.50994272e-03  8.23090171e-03  1.02908943e-02  1.27237404e-02  1.55574589e-02  1.88110798e-02  2.24910633e-02  2.65875313e-02  3.10706528e-02  3.58876566e-02  4.09610524e-02  4.61886596e-02  5.14459480e-02  5.65909497e-02  6.14716309e-02  6.59351731e-02  6.98382029e-02  7.30567412e-02  7.54945972e-02  7.70891489e-02  7.78138790e-02  7.76775782e-02  7.67206519e-02  7.50093484e-02  7.26289055e-02  6.96765725e-02  6.62552595e-02  6.24682809e-02  5.84153700e-02  5.41899139e-02  4.98772162e-02  4.55535430e-02  4.12857129e-02  3.71310425e-02  3.31375106e-02  2.93440593e-02  2.57809877e-02  2.24704199e-02  1.94268435e-02  1.66577200e-02  1.41641695e-02  1.19417253e-02  9.98114782e-03  8.26928016e-03  6.78991915e-03  5.52467375e-03  4.45378116e-03  3.55685369e-03  2.81353544e-03  2.20405386e-03  1.70965928e-03  1.31295174e-03  9.98100933e-04  7.50968860e-04  5.59148597e-04 
 1.70576581e-03  2.28211373e-03  3.01758869e-03  3.94396852e-03  5.09569457e-03  6.50899528e-03  8.22062265e-03  1.02661488e-02  1.26777795e-02  1.54816659e-02  1.86947397e-02  2.23211760e-02  2.63486901e-02  3.07450143e-02  3.54550292e-02  4.03991293e-02  4.54734215e-02  5.05522521e-02  5.54933111e-02  6.01451832e-02  6.43567758e-02  6.79876388e-02  7.09179304e-02  7.30567412e-02  7.43477188e-02  7.47713718e-02  7.43439862e-02  7.31136132e-02  7.11539744e-02  6.85572982e-02  6.54270592e-02  6.18713812e-02  5.79975718e-02  5.39079687e-02  4.96970512e-02  4.54496323e-02  4.12398944e-02  3.71310425e-02  3.31753912e-02  2.94147497e-02  2.58810162e-02  2.25969165e-02  1.95768461e-02  1.68277785e-02  1.43502129e-02  1.21391347e-02  1.01849693e-02  8.47450779e-03  6.99179013e-03  5.71892923e-03  4.63686376e-03  3.72602831e-03  2.96693259e-03  2.34064469e-03  1.82917671e-03  1.41577481e-03  1.08511892e-03  8.23440205e-04  6.18566331e-04  4.59905994e-04 
 1.69155739e-03  2.26125906e-03  2.98739809e-03  3.90086032e-03  5.03498143e-03  6.42465016e-03  8.10503410e-03  1.01098799e-02  1.24693501e-02  1.52073830e-02  1.83386054e-02  2.18649038e-02  2.57718630e-02  3.00254096e-02  3.45691297e-02  3.93228237e-02  4.41828774e-02  4.90249251e-02  5.37090314e-02  5.80872459e-02  6.20129533e-02  6.53510394e-02  6.79876388e-02  6.98382029e-02  7.08528563e-02  7.10184468e-02  7.03572402e-02  6.89227301e-02  6.67934043e-02  6.40654781e-02  6.08455507e-02  5.72439367e-02  5.33691342e-02  4.93236119e-02  4.52008738e-02  4.10836312e-02  3.70428573e-02  3.31375106e-02  2.94147497e-02  2.59105055e-02  2.26503113e-02  1.96503138e-02  1.69184011e-02  1.44553873e-02  1.22562058e-02  1.03110644e-02  8.60653020e-03  7.12652078e-03  5.85318566e-03  4.76767370e-03  3.85078487e-03  3.08351027e-03  2.44746634e-03  1.92523089e-03  1.50058958e-03  1.15870189e-03  8.86196363e-04  6.71204914e-04  5.03346218e-04  3.73668205e-04 
 1.65596895e-03  2.21190108e-03  2.91965449e-03  3.80885048e-03  4.91131753e-03  6.26018453e-03  7.88861114e-03  9.82811332e-03  1.21064534e-02  1.47450869e-02  1.77562033e-02  2.11394657e-02  2.48786583e-02  2.89385656e-02  3.32625343e-02  3.77712520e-02  4.23632884e-02  4.69178386e-02  5.12998683e-02  5.53675017e-02  5.89810821e-02  6.20129533e-02  6.43567758e-02  6.59351731e-02  6.67047264e-02  6.66577638e-02  6.58209109e-02  6.42508647e-02  6.20282091e-02  5.92502444e-02  5.60237521e-02  5.24584196e-02  4.86613728e-02  4.47329988e-02  4.07640282e-02  3.68337240e-02  3.30089697e-02  2.93440593e-02  2.58810162e-02  2.26503113e-02  1.96718715e-02  1.69562906e-02  1.45061602e-02  1.23174475e-02  1.03808500e-02  8.68307388e-03  7.20799221e-03  5.93765903e-03  4.85316684e-03  3.93534914e-03  3.16533720e-03  2.52498571e-03  1.99718413e-03  1.56607084e-03  1.21716626e-03  9.37439208e-04  7.15319412e-04  5.40667122e-04  4.04709552e-04  2.99952652e-04 
