VASP file: Electron density in real space (e/Bohr^3)  PySCF Version: 2.4.0  Date: Tue Dec  5 23:48:59 2023
1.0000000000
    4.42791326     0.00000000     0.00000000 
    0.00000000     4.42791326     0.00000000 
    0.00000000     0.00000000     4.42791326 
    C    H
    1    4
Cartesian 
     2.21395663     2.21395663     2.21395663
     2.84038163     1.58753163     1.58753163
     2.84038163     2.84038163     2.84038163
     1.58753163     2.84038163     1.58753163
     1.58753163     1.58753163     2.84038163

    60     60     60 

 5.22804686e-07  7.55600955e-07  1.09187063e-06  1.57781115e-06  2.27965446e-06  3.29147660e-06  4.74539089e-06  6.82449211e-06  9.77879891e-06  1.39442197e-05  1.97642212e-05  2.78133964e-05  3.88215115e-05  5.36958886e-05  7.35392055e-05  9.96590598e-05  1.33565068e-04  1.76949005e-04  2.31643672e-04  2.99556984e-04  3.82579241e-04  4.82463756e-04  6.00683850e-04  7.38272501e-04  8.95654365e-04  1.07248300e-03  1.26749855e-03  1.47842222e-03  1.70190368e-03  1.93353496e-03  2.16794043e-03  2.39894658e-03  2.61982801e-03  2.82361864e-03  3.00346925e-03  3.15302685e-03  3.26680662e-03  3.34052621e-03  3.37137388e-03  3.35818667e-03  3.30152297e-03  3.20362285e-03  3.06826023e-03  2.90050060e-03  2.70638605e-03  2.49257520e-03  2.26596772e-03  2.03334281e-03  1.80103694e-03  1.57468097e-03  1.35900914e-03  1.15774526e-03  9.73564307e-04  8.08121533e-04  6.62137048e-04  5.35521011e-04  4.27523900e-04  3.36896946e-04  2.62049827e-04  2.01195387e-04 
 7.55600955e-07  1.08591029e-06  1.55977413e-06  2.23996806e-06  3.21612273e-06  4.61513110e-06  6.61472946e-06  9.46074100e-06  1.34883099e-05  1.91471555e-05  2.70304125e-05  3.79059752e-05  5.27484391e-05  7.27687651e-05  9.94377578e-05  1.34498473e-04  1.79961912e-04  2.38080010e-04  3.11290218e-04  4.02127025e-04  5.13097810e-04  6.46523345e-04  8.04347062e-04  9.87921585e-04  1.19778554e-03  1.43344776e-03  1.69319921e-03  1.97397433e-03  2.27128298e-03  2.57923116e-03  2.89064294e-03  3.19728845e-03  3.49021307e-03  3.76015310e-03  3.99801279e-03  4.19536977e-03  4.34497000e-03  4.44117176e-03  4.48030026e-03  4.46088163e-03  4.38373489e-03  4.25191395e-03  4.07050522e-03  3.84629992e-03  3.58737083e-03  3.30259054e-03  3.00113148e-03  2.69198637e-03  2.38354297e-03  2.08323884e-03  1.79731255e-03  1.53065739e-03  1.28677479e-03  1.06781650e-03  8.74699375e-04  7.07272905e-04  5.64519129e-04  4.44765207e-04  3.45891814e-04  2.65524013e-04 
 1.09187063e-06  1.55977413e-06  2.22593975e-06  3.17495940e-06  4.52700821e-06  6.45153255e-06  9.18510803e-06  1.30541102e-05  1.85026274e-05  2.61256511e-05  3.67069626e-05  5.12602812e-05  7.10711432e-05  9.77357085e-05  1.33191324e-04  1.79732398e-04  2.40004144e-04  3.16966322e-04  4.13819511e-04  5.33887857e-04  6.80454976e-04  8.56553545e-04  1.06471417e-03  1.30668481e-03  1.58313797e-03  1.89338827e-03  2.23514690e-03  2.60434152e-03  2.99502927e-03  3.39942647e-03  3.80807131e-03  4.21012585e-03  4.59381092e-03  4.94695447e-03  5.25762048e-03  5.51477493e-03  5.70893727e-03  5.83276385e-03  5.88151239e-03  5.85334572e-03  5.74944704e-03  5.57393618e-03  5.33359512e-03  5.03742898e-03  4.69610269e-03  4.32130321e-03  3.92508078e-03  3.51922042e-03  3.11468756e-03  2.72118109e-03  2.34681407e-03  1.99792928e-03  1.67904480e-03  1.39291479e-03  1.14068369e-03  9.22108126e-04  7.35819515e-04  5.79602258e-04  4.50665556e-04  3.45891814e-04 
 1.57781115e-06  2.23996806e-06  3.17495940e-06  4.49590345e-06  6.36253011e-06  8.99894471e-06  1.27167967e-05  1.79446884e-05  2.52643803e-05  3.54538335e-05  4.95363264e-05  6.88337632e-05  9.50208668e-05  1.30175282e-04  1.76816844e-04  2.37927603e-04  3.16942935e-04  4.17703518e-04  5.44358511e-04  7.01212194e-04  8.92509855e-04  1.12216382e-03  1.39342705e-03  1.70852910e-03  2.06829689e-03  2.47178962e-03  2.91598215e-03  3.39553373e-03  3.90267767e-03  4.42726245e-03  4.95696533e-03  5.47768664e-03  5.97411683e-03  6.43045089e-03  6.83120804e-03  7.16209949e-03  7.41087727e-03  7.56809335e-03  7.62770226e-03  7.58745184e-03  7.44902575e-03  7.21792438e-03  6.90309600e-03  6.51635374e-03  6.07163269e-03  5.58415376e-03  5.06956483e-03  4.54312621e-03  4.01899705e-03  3.50966456e-03  3.02554082e-03  2.57473493e-03  2.16299251e-03  1.79378271e-03  1.46850364e-03  1.18677289e-03  9.46768648e-04  7.45589069e-04  5.79602258e-04  4.44765207e-04 
 2.27965446e-06  3.21612273e-06  4.52700821e-06  6.36253011e-06  8.93327997e-06  1.25329612e-05  1.75680376e-05  2.45953624e-05  3.43685013e-05  4.78927976e-05  6.64881919e-05  9.18573651e-05  1.26154935e-04  1.72051294e-04  2.32782395e-04  3.12174678e-04  4.14632702e-04  5.45076405e-04  7.08815671e-04  9.11352379e-04  1.15810473e-03  1.45405519e-03  1.80333180e-03  2.20874199e-03  2.67128773e-03  3.18969947e-03  3.76003276e-03  4.37537441e-03  5.02570349e-03  5.69794607e-03  6.37625092e-03  7.04249665e-03  7.67702102e-03  8.25954049e-03  8.77020608e-03  9.19072235e-03  9.50544246e-03  9.70234713e-03  9.77381968e-03  9.71714467e-03  9.53468220e-03  9.23370099e-03  8.82588697e-03  8.32657547e-03  7.75378003e-03  7.12710612e-03  6.46664267e-03  5.79191802e-03  5.12099258e-03  4.46974015e-03  3.85134724e-03  3.27603773e-03  2.75101060e-03  2.28056340e-03  1.86636367e-03  1.50782537e-03  1.20254672e-03  9.46768648e-04  7.35819515e-04  5.64519129e-04 
 3.29147660e-06  4.61513110e-06  6.45153255e-06  8.99894471e-06  1.25329612e-05  1.74352073e-05  2.42307470e-05  3.36355542e-05  4.66149523e-05  6.44530835e-05  8.88321497e-05  1.21918330e-04  1.66448946e-04  2.25812708e-04  3.04112008e-04  4.06193528e-04  5.37631407e-04  7.04646453e-04  9.13945860e-04  1.17247118e-03  1.48704817e-03  1.86394047e-03  2.30831969e-03  2.82367622e-03  3.41120738e-03  4.06922995e-03  4.79267216e-03  5.57270414e-03  6.39656355e-03  7.24762560e-03  8.10575202e-03  8.94793355e-03  9.74921503e-03  1.04838641e-02  1.11267162e-02  1.16546026e-02  1.20477501e-02  1.22910330e-02  1.23749624e-02  1.22963178e-02  1.20583585e-02  1.16705931e-02  1.11481300e-02  1.05106748e-02  9.78127023e-03  8.98489782e-03  8.14706058e-03  7.29245916e-03  6.44385216e-03  5.62116401e-03  4.84087408e-03  4.11569232e-03  3.45450265e-03  2.86253694e-03  2.34173065e-03  1.89120560e-03  1.50782537e-03  1.18677289e-03  9.22108126e-04  7.07272905e-04 
 4.74539089e-06  6.61472946e-06  9.18510803e-06  1.27167967e-05  1.75680376e-05  2.42307470e-05  3.33770233e-05  4.59181624e-05  6.30773179e-05  8.64758858e-05  1.18232044e-04  1.61067565e-04  2.18416096e-04  2.94522672e-04  3.94520608e-04  5.24468604e-04  6.91328341e-04  9.02861990e-04  1.16743031e-03  1.49367625e-03  1.89008636e-03  2.36443268e-03  2.92311118e-03  3.57040713e-03  4.30773294e-03  5.13289686e-03  6.03947072e-03  7.01632941e-03  8.04743259e-03  9.11191005e-03  1.01844949e-02  1.12363241e-02  1.22360956e-02  1.31515351e-02  1.39510899e-02  1.46057341e-02  1.50907414e-02  1.53872740e-02  1.54836363e-02  1.53760706e-02  1.50690120e-02  1.45747738e-02  1.39126975e-02  1.31078514e-02  1.21894110e-02  1.11888723e-02  1.01382567e-02  9.06845003e-03  8.00778784e-03  6.98096434e-03  6.00830059e-03  5.10537346e-03  4.28297671e-03  3.54736411e-03  2.90071169e-03  2.34173065e-03  1.86636367e-03  1.46850364e-03  1.14068369e-03  8.74699375e-04 
 6.82449211e-06  9.46074100e-06  1.30541102e-05  1.79446884e-05  2.45953624e-05  3.36355542e-05  4.59181624e-05  6.25918143e-05  8.51898428e-05  1.15736106e-04  1.56865723e-04  2.11955946e-04  2.85258764e-04  3.82022580e-04  5.08585871e-04  6.72421587e-04  8.82108017e-04  1.14720076e-03  1.47798217e-03  1.88506987e-03  2.37887516e-03  2.96891500e-03  3.66299748e-03  4.46631827e-03  5.38052380e-03  6.40281232e-03  7.52515577e-03  8.73373097e-03  1.00086465e-02  1.13240411e-02  1.26486096e-02  1.39465841e-02  1.51791596e-02  1.63063128e-02  1.72889114e-02  1.80909730e-02  1.86818927e-02  1.90384441e-02  1.91463585e-02  1.90013221e-02  1.86092810e-02  1.79860201e-02  1.71560570e-02  1.61509691e-02  1.50073248e-02  1.37644203e-02  1.24620267e-02  1.11383263e-02  9.82817864e-03  8.56180525e-03  7.36393007e-03  6.25336975e-03  5.24303034e-03  4.34024387e-03  3.54736411e-03  2.86253694e-03  2.28056340e-03  1.79378271e-03  1.39291479e-03  1.06781650e-03 
 9.77879891e-06  1.34883099e-05  1.85026274e-05  2.52643803e-05  3.43685013e-05  4.66149523e-05  6.30773179e-05  8.51898428e-05  1.14854661e-04  1.54569393e-04  2.07572808e-04  2.78002762e-04  3.71056196e-04  4.93135811e-04  6.51962570e-04  8.56628210e-04  1.11755822e-03  1.44635453e-03  1.85548933e-03  2.35782789e-03  2.96596962e-03  3.69141211e-03  4.54356245e-03  5.52864139e-03  6.64854710e-03  7.89976403e-03  9.27241597e-03  1.07495694e-02  1.23068914e-02  1.39127550e-02  1.55288636e-02  1.71114313e-02  1.86129152e-02  1.99842400e-02  2.11773971e-02  2.21482437e-02  2.28592791e-02  2.32821452e-02  2.33996052e-02  2.32067858e-02  2.27115433e-02  2.19339048e-02  2.09046445e-02  1.96631475e-02  1.82547885e-02  1.67280892e-02  1.51319143e-02  1.35129349e-02  1.19135280e-02  1.03702146e-02  8.91267213e-03  7.56330034e-03  6.33727938e-03  5.24303034e-03  4.28297671e-03  3.45450265e-03  2.75101060e-03  2.16299251e-03  1.67904480e-03  1.28677479e-03 
 1.39442197e-05  1.91471555e-05  2.61256511e-05  3.54538335e-05  4.78927976e-05  6.44530835e-05  8.64758858e-05  1.15736106e-04  1.54569393e-04  2.06023450e-04  2.74030917e-04  3.63596965e-04  4.80989395e-04  6.33912821e-04  8.31641950e-04  1.08508297e-03  1.40672765e-03  1.81046336e-03  2.31120491e-03  2.92432193e-03  3.66484929e-03  4.54648647e-03  5.58041493e-03  6.77398777e-03  8.12937034e-03  9.64223248e-03  1.13006089e-02  1.30840530e-02  1.49632078e-02  1.68999079e-02  1.88479015e-02  2.07542459e-02  2.25613791e-02  2.42098070e-02  2.56412699e-02  2.68021781e-02  2.76470412e-02  2.81415724e-02  2.82651496e-02  2.80123571e-02  2.73934231e-02  2.64334904e-02  2.51707991e-02  2.36539821e-02  2.19387718e-02  2.00844575e-02  1.81504291e-02  1.61930904e-02  1.42633449e-02  1.24047706e-02  1.06525094e-02  9.03283405e-03  7.56330034e-03  6.25336975e-03  5.10537346e-03  4.11569232e-03  3.27603773e-03  2.57473493e-03  1.99792928e-03  1.53065739e-03 
 1.97642212e-05  2.70304125e-05  3.67069626e-05  4.95363264e-05  6.64881919e-05  8.88321497e-05  1.18232044e-04  1.56865723e-04  2.07572808e-04  2.74030917e-04  3.60957306e-04  4.74327955e-04  6.21599783e-04  8.11914325e-04  1.05625337e-03  1.36750997e-03  1.76043302e-03  2.25140195e-03  2.85799149e-03  3.59829565e-03  4.48999645e-03  5.54918439e-03  6.78896513e-03  8.21791510e-03  9.83847754e-03  1.16454151e-02  1.36244536e-02  1.57512623e-02  1.79909167e-02  2.02979799e-02  2.26173156e-02  2.48857058e-02  2.70342921e-02  2.89917776e-02  3.06882421e-02  3.20593168e-02  3.30503830e-02  3.36203951e-02  3.37449207e-02  3.34180429e-02  3.26528827e-02  3.14806614e-02  2.99484031e-02  2.81155428e-02  2.60498238e-02  2.38229247e-02  2.15062378e-02  1.91671526e-02  1.68660836e-02  1.46543702e-02  1.25730602e-02  1.06525094e-02  8.91267213e-03  7.36393007e-03  6.00830059e-03  4.84087408e-03  3.85134724e-03  3.02554082e-03  2.34681407e-03  1.79731255e-03 
 2.78133964e-05  3.79059752e-05  5.12602812e-05  6.88337632e-05  9.18573651e-05  1.21918330e-04  1.61067565e-04  2.11955946e-04  2.78002762e-04  3.63596965e-04  4.74327955e-04  6.17236830e-04  8.01071695e-04  1.03652196e-03  1.33639744e-03  1.71570967e-03  2.19160685e-03  2.78311187e-03  3.51061689e-03  4.39509876e-03  5.45703848e-03  6.71505303e-03  8.18427875e-03  9.87457808e-03  1.17886735e-02  1.39203403e-02  1.62528105e-02  1.87575550e-02  2.13936119e-02  2.41076247e-02  2.68347305e-02  2.95004005e-02  3.20232694e-02  3.43189038e-02  3.63043427e-02  3.79031191e-02  3.90503510e-02  3.96974078e-02  3.98156359e-02  3.93986890e-02  3.84631511e-02  3.70473480e-02  3.52084759e-02  3.30183888e-02  3.05585402e-02  2.79146365e-02  2.51715347e-02  2.24088144e-02  1.96973100e-02  1.70967320e-02  1.46543702e-02  1.24047706e-02  1.03702146e-02  8.56180525e-03  6.98096434e-03  5.62116401e-03  4.46974015e-03  3.50966456e-03  2.72118109e-03  2.08323884e-03 
 3.88215115e-05  5.27484391e-05  7.10711432e-05  9.50208668e-05  1.26154935e-04  1.66448946e-04  2.18416096e-04  2.85258764e-04  3.71056196e-04  4.80989395e-04  6.21599783e-04  8.01071695e-04  1.02952027e-03  1.31925633e-03  1.68498934e-03  2.14391971e-03  2.71566480e-03  3.42196073e-03  4.28608653e-03  5.33196982e-03  6.58295460e-03  8.06024021e-03  9.78103543e-03  1.17565077e-02  1.39896432e-02  1.64731637e-02  1.91876708e-02  2.21002034e-02  2.51634035e-02  2.83154818e-02  3.14811574e-02  3.45737093e-02  3.74982063e-02  4.01558802e-02  4.24494669e-02  4.42891772e-02  4.55988062e-02  4.63213713e-02  4.64236340e-02  4.58989292e-02  4.47679058e-02  4.30770422e-02  4.08951012e-02  3.83079597e-02  3.54124397e-02  3.23098445e-02  2.90998594e-02  2.58753377e-02  2.27183050e-02  1.96973100e-02  1.68660836e-02  1.42633449e-02  1.19135280e-02  9.82817864e-03  8.00778784e-03  6.44385216e-03  5.12099258e-03  4.01899705e-03  3.11468756e-03  2.38354297e-03 
 5.36958886e-05  7.27687651e-05  9.77357085e-05  1.30175282e-04  1.72051294e-04  2.25812708e-04  2.94522672e-04  3.82022580e-04  4.93135811e-04  6.33912821e-04  8.11914325e-04  1.03652196e-03  1.31925633e-03  1.67407089e-03  2.11757828e-03  2.66915423e-03  3.35085655e-03  4.18709343e-03  5.20398087e-03  6.42834267e-03  7.88633046e-03  9.60167340e-03  1.15936049e-02  1.38745539e-02  1.64477269e-02  1.93047392e-02  2.24234823e-02  2.57664338e-02  2.92796292e-02  3.28925206e-02  3.65189364e-02  4.00593218e-02  4.34043686e-02  4.64400208e-02  4.90536771e-02  5.11412068e-02  5.26141937e-02  5.34066698e-02  5.34805400e-02  5.28289810e-02  5.14773143e-02  4.94811813e-02  4.69222261e-02  4.39018309e-02  4.05336893e-02  3.69360863e-02  3.32246962e-02  2.95065193e-02  2.58753377e-02  2.24088144e-02  1.91671526e-02  1.61930904e-02  1.35129349e-02  1.11383263e-02  9.06845003e-03  7.29245916e-03  5.79191802e-03  4.54312621e-03  3.51922042e-03  2.69198637e-03 
 7.35392055e-05  9.94377578e-05  1.33191324e-04  1.76816844e-04  2.32782395e-04  3.04112008e-04  3.94520608e-04  5.08585871e-04  6.51962570e-04  8.31641950e-04  1.05625337e-03  1.33639744e-03  1.68498934e-03  2.11757828e-03  2.65259554e-03  3.31147083e-03  4.11854732e-03  5.10072250e-03  6.28674717e-03  7.70613024e-03  9.38762319e-03  1.13572929e-02  1.36362330e-02  1.62380068e-02  1.91659555e-02  2.24105429e-02  2.59469352e-02  2.97330422e-02  3.37082654e-02  3.77932126e-02  4.18906390e-02  4.58878459e-02  4.96606951e-02  5.30792590e-02  5.60149283e-02  5.83485464e-02  5.99788873e-02  6.08305895e-02  6.08605785e-02  6.00620952e-02  5.84657134e-02  5.61371334e-02  5.31720026e-02  4.96884371e-02  4.58182053e-02  4.16976367e-02  3.74592302e-02  3.32246962e-02  2.90998594e-02  2.51715347e-02  2.15062378e-02  1.81504291e-02  1.51319143e-02  1.24620267e-02  1.01382567e-02  8.14706058e-03  6.46664267e-03  5.06956483e-03  3.92508078e-03  3.00113148e-03 
 9.96590598e-05  1.34498473e-04  1.79732398e-04  2.37927603e-04  3.12174678e-04  4.06193528e-04  5.24468604e-04  6.72421587e-04  8.56628210e-04  1.08508297e-03  1.36750997e-03  1.71570967e-03  2.14391971e-03  2.66915423e-03  3.31147083e-03  4.09410003e-03  5.04336151e-03  6.18828703e-03  7.55987507e-03  9.18991877e-03  1.11093761e-02  1.33462892e-02  1.59233034e-02  1.88548827e-02  2.21443602e-02  2.57810035e-02  2.97373043e-02  3.39667369e-02  3.84022546e-02  4.29558238e-02  4.75193048e-02  5.19669687e-02  5.61598686e-02  5.99521258e-02  6.31989595e-02  6.57659847e-02  6.75389882e-02  6.84331376e-02  6.84004672e-02  6.74345778e-02  6.55718059e-02  6.28886007e-02  5.94954134e-02  5.55279130e-02  5.11366859e-02  4.64766934e-02  4.16976367e-02  3.69360863e-02  3.23098445e-02  2.79146365e-02  2.38229247e-02  2.00844575e-02  1.67280892e-02  1.37644203e-02  1.11888723e-02  8.98489782e-03  7.12710612e-03  5.58415376e-03  4.32130321e-03  3.30259054e-03 
 1.33565068e-04  1.79961912e-04  2.40004144e-04  3.16942935e-04  4.14632702e-04  5.37631407e-04  6.91328341e-04  8.82108017e-04  1.11755822e-03  1.40672765e-03  1.76043302e-03  2.19160685e-03  2.71566480e-03  3.35085655e-03  4.11854732e-03  5.04336151e-03  6.15310719e-03  7.47839495e-03  9.05186904e-03  1.09069854e-02  1.30762995e-02  1.55892676e-02  1.84696092e-02  2.17323283e-02  2.53805338e-02  2.94022443e-02  3.37673950e-02  3.84253059e-02  4.33029066e-02  4.83040572e-02  5.33103250e-02  5.81835762e-02  6.27706608e-02  6.69103037e-02  7.04420413e-02  7.32166846e-02  7.51074106e-02  7.60202719e-02  7.59027712e-02  7.47492481e-02  7.26021958e-02  6.95491989e-02  6.57158542e-02  6.12556337e-02  5.63380607e-02  5.11366859e-02  4.58182053e-02  4.05336893e-02  3.54124397e-02  3.05585402e-02  2.60498238e-02  2.19387718e-02  1.82547885e-02  1.50073248e-02  1.21894110e-02  9.78127023e-03  7.75378003e-03  6.07163269e-03  4.69610269e-03  3.58737083e-03 
 1.76949005e-04  2.38080010e-04  3.16966322e-04  4.17703518e-04  5.45076405e-04  7.04646453e-04  9.02861990e-04  1.14720076e-03  1.44635453e-03  1.81046336e-03  2.25140195e-03  2.78311187e-03  3.42196073e-03  4.18709343e-03  5.10072250e-03  6.18828703e-03  7.47839495e-03  9.00245668e-03  1.07939209e-02  1.28870394e-02  1.53151168e-02  1.81082413e-02  2.12905403e-02  2.48770541e-02  2.88703671e-02  3.32571821e-02  3.80050624e-02  4.30596134e-02  4.83424246e-02  5.37501494e-02  5.91551408e-02  6.44080675e-02  6.93428590e-02  7.37841443e-02  7.75570406e-02  8.04987305e-02  8.24708257e-02  8.33711413e-02  8.31433289e-02  8.17829289e-02  7.93388201e-02  7.59097135e-02  7.16361064e-02  6.66888110e-02  6.12556337e-02  5.55279130e-02  4.96884371e-02  4.39018309e-02  3.83079597e-02  3.30183888e-02  2.81155428e-02  2.36539821e-02  1.96631475e-02  1.61509691e-02  1.31078514e-02  1.05106748e-02  8.32657547e-03  6.51635374e-03  5.03742898e-03  3.84629992e-03 
 2.31643672e-04  3.11290218e-04  4.13819511e-04  5.44358511e-04  7.08815671e-04  9.13945860e-04  1.16743031e-03  1.47798217e-03  1.85548933e-03  2.31120491e-03  2.85799149e-03  3.51061689e-03  4.28608653e-03  5.20398087e-03  6.28674717e-03  7.55987507e-03  9.05186904e-03  1.07939209e-02  1.28191867e-02  1.51615855e-02  1.78540678e-02  2.09263380e-02  2.44020664e-02  2.82956759e-02  3.26088377e-02  3.73268576e-02  4.24151829e-02  4.78163113e-02  5.34474485e-02  5.91993306e-02  6.49366847e-02  7.05008193e-02  7.57147628e-02  8.03911668e-02  8.43428471e-02  8.73953662e-02  8.94005542e-02  9.02494388e-02  8.98828456e-02  8.82980510e-02  8.55503387e-02  8.17490638e-02  7.70486967e-02  7.16361064e-02  6.57158542e-02  5.94954134e-02  5.31720026e-02  4.69222261e-02  4.08951012e-02  3.52084759e-02  2.99484031e-02  2.51707991e-02  2.09046445e-02  1.71560570e-02  1.39126975e-02  1.11481300e-02  8.82588697e-03  6.90309600e-03  5.33359512e-03  4.07050522e-03 
 2.99556984e-04  4.02127025e-04  5.33887857e-04  7.01212194e-04  9.11352379e-04  1.17247118e-03  1.49367625e-03  1.88506987e-03  2.35782789e-03  2.92432193e-03  3.59829565e-03  4.39509876e-03  5.33196982e-03  6.42834267e-03  7.70613024e-03  9.18991877e-03  1.09069854e-02  1.28870394e-02  1.51615855e-02  1.77628156e-02  2.07219650e-02  2.40671039e-02  2.78203838e-02  3.19948119e-02  3.65906768e-02  4.15918015e-02  4.69618542e-02  5.26410096e-02  5.85433312e-02  6.45553269e-02  7.05362078e-02  7.63204026e-02  8.17228105e-02  8.65470578e-02  9.05966484e-02  9.36883791e-02  9.56668302e-02  9.64182653e-02  9.58820410e-02  9.40577538e-02  9.10068646e-02  8.68483729e-02  8.17490638e-02  7.59097135e-02  6.95491989e-02  6.28886007e-02  5.61371334e-02  4.94811813e-02  4.30770422e-02  3.70473480e-02  3.14806614e-02  2.64334904e-02  2.19339048e-02  1.79860201e-02  1.45747738e-02  1.16705931e-02  9.23370099e-03  7.21792438e-03  5.57393618e-03  4.25191395e-03 
 3.82579241e-04  5.13097810e-04  6.80454976e-04  8.92509855e-04  1.15810473e-03  1.48704817e-03  1.89008636e-03  2.37887516e-03  2.96596962e-03  3.66484929e-03  4.48999645e-03  5.45703848e-03  6.58295460e-03  7.88633046e-03  9.38762319e-03  1.11093761e-02  1.30762995e-02  1.53151168e-02  1.78540678e-02  2.07219650e-02  2.39467212e-02  2.75533013e-02  3.15610968e-02  3.59807752e-02  4.08107141e-02  4.60331840e-02  5.16105118e-02  5.74815267e-02  6.35586825e-02  6.97263459e-02  7.58408297e-02  8.17327785e-02  8.72124457e-02  9.20781671e-02  9.61279342e-02  9.91734118e-02  1.01055141e-01  1.01657154e-01  1.00918973e-01  9.88431066e-02  9.54966957e-02  9.10068646e-02  8.55503387e-02  7.93388201e-02  7.26021958e-02  6.55718059e-02  5.84657134e-02  5.14773143e-02  4.47679058e-02  3.84631511e-02  3.26528827e-02  2.73934231e-02  2.27115433e-02  1.86092810e-02  1.50690120e-02  1.20583585e-02  9.53468220e-03  7.44902575e-03  5.74944704e-03  4.38373489e-03 
 4.82463756e-04  6.46523345e-04  8.56553545e-04  1.12216382e-03  1.45405519e-03  1.86394047e-03  2.36443268e-03  2.96891500e-03  3.69141211e-03  4.54648647e-03  5.54918439e-03  6.71505303e-03  8.06024021e-03  9.60167340e-03  1.13572929e-02  1.33462892e-02  1.55892676e-02  1.81082413e-02  2.09263380e-02  2.40671039e-02  2.75533013e-02  3.14051279e-02  3.56378258e-02  4.02587089e-02  4.52636909e-02  5.06334705e-02  5.63295997e-02  6.22907493e-02  6.84295901e-02  7.46308142e-02  8.07509177e-02  8.66204020e-02  9.20489707e-02  9.68340609e-02  1.00772617e-01  1.03675430e-01  1.05382746e-01  1.05779274e-01  1.04806518e-01  1.02470446e-01  9.88431066e-02  9.40577538e-02  8.82980510e-02  8.17829289e-02  7.47492481e-02  6.74345778e-02  6.00620952e-02  5.28289810e-02  4.58989292e-02  3.93986890e-02  3.34180429e-02  2.80123571e-02  2.32067858e-02  1.90013221e-02  1.53760706e-02  1.22963178e-02  9.71714467e-03  7.58745184e-03  5.85334572e-03  4.46088163e-03 
 6.00683850e-04  8.04347062e-04  1.06471417e-03  1.39342705e-03  1.80333180e-03  2.30831969e-03  2.92311118e-03  3.66299748e-03  4.54356245e-03  5.58041493e-03  6.78896513e-03  8.18427875e-03  9.78103543e-03  1.15936049e-02  1.36362330e-02  1.59233034e-02  1.84696092e-02  2.12905403e-02  2.44020664e-02  2.78203838e-02  3.15610968e-02  3.56378258e-02  4.00601748e-02  4.48310464e-02  4.99433619e-02  5.53763219e-02  6.10914314e-02  6.70286182e-02  7.31028859e-02  7.92020619e-02  8.51863000e-02  9.08900296e-02  9.61269580e-02  1.00698480e-01  1.04405402e-01  1.07062302e-01  1.08513175e-01  1.08646517e-01  1.07407677e-01  1.04806518e-01  1.00918973e-01  9.58820410e-02  8.98828456e-02  8.31433289e-02  7.59027712e-02  6.84004672e-02  6.08605785e-02  5.34805400e-02  4.64236340e-02  3.98156359e-02  3.37449207e-02  2.82651496e-02  2.33996052e-02  1.91463585e-02  1.54836363e-02  1.23749624e-02  9.77381968e-03  7.62770226e-03  5.88151239e-03  4.48030026e-03 
 7.38272501e-04  9.87921585e-04  1.30668481e-03  1.70852910e-03  2.20874199e-03  2.82367622e-03  3.57040713e-03  4.46631827e-03  5.52864139e-03  6.77398777e-03  8.21791510e-03  9.87457808e-03  1.17565077e-02  1.38745539e-02  1.62380068e-02  1.88548827e-02  2.17323283e-02  2.48770541e-02  2.82956759e-02  3.19948119e-02  3.59807752e-02  4.02587089e-02  4.48310464e-02  4.96952382e-02  5.48407631e-02  6.02455373e-02  6.58719433e-02  7.16628220e-02  7.75378972e-02  8.33912305e-02  8.90903988e-02  9.44781111e-02  9.93768877e-02  1.03597156e-01  1.06948668e-01  1.09254550e-01  1.10366651e-01  1.10180320e-01  1.08646517e-01  1.05779274e-01  1.01657154e-01  9.64182653e-02  9.02494388e-02  8.33711413e-02  7.60202719e-02  6.84331376e-02  6.08305895e-02  5.34066698e-02  4.63213713e-02  3.96974078e-02  3.36203951e-02  2.81415724e-02  2.32821452e-02  1.90384441e-02  1.53872740e-02  1.22910330e-02  9.70234713e-03  7.56809335e-03  5.83276385e-03  4.44117176e-03 
 8.95654365e-04  1.19778554e-03  1.58313797e-03  2.06829689e-03  2.67128773e-03  3.41120738e-03  4.30773294e-03  5.38052380e-03  6.64854710e-03  8.12937034e-03  9.83847754e-03  1.17886735e-02  1.39896432e-02  1.64477269e-02  1.91659555e-02  2.21443602e-02  2.53805338e-02  2.88703671e-02  3.26088377e-02  3.65906768e-02  4.08107141e-02  4.52636909e-02  4.99433619e-02  5.48407631e-02  5.99416152e-02  6.52229494e-02  7.06491727e-02  7.61679360e-02  8.17063091e-02  8.71678994e-02  9.24316367e-02  9.73529624e-02  1.01768044e-01  1.05501362e-01  1.08376563e-01  1.10229897e-01  1.10924918e-01  1.10366651e-01  1.08513175e-01  1.05382746e-01  1.01055141e-01  9.56668302e-02  8.94005542e-02  8.24708257e-02  7.51074106e-02  6.75389882e-02  5.99788873e-02  5.26141937e-02  4.55988062e-02  3.90503510e-02  3.30503830e-02  2.76470412e-02  2.28592791e-02  1.86818927e-02  1.50907414e-02  1.20477501e-02  9.50544246e-03  7.41087727e-03  5.70893727e-03  4.34497000e-03 
 1.07248300e-03  1.43344776e-03  1.89338827e-03  2.47178962e-03  3.18969947e-03  4.06922995e-03  5.13289686e-03  6.40281232e-03  7.89976403e-03  9.64223248e-03  1.16454151e-02  1.39203403e-02  1.64731637e-02  1.93047392e-02  2.24105429e-02  2.57810035e-02  2.94022443e-02  3.32571821e-02  3.73268576e-02  4.15918015e-02  4.60331840e-02  5.06334705e-02  5.53763219e-02  6.02455373e-02  6.52229494e-02  7.02853224e-02  7.54004677e-02  8.05229652e-02  8.55900391e-02  9.05182662e-02  9.52018787e-02  9.95134078e-02  1.03307286e-01  1.06426736e-01  1.08713824e-01  1.10022005e-01  1.10229897e-01  1.09254550e-01  1.07062302e-01  1.03675430e-01  9.91734118e-02  9.36883791e-02  8.73953662e-02  8.04987305e-02  7.32166846e-02  6.57659847e-02  5.83485464e-02  5.11412068e-02  4.42891772e-02  3.79031191e-02  3.20593168e-02  2.68021781e-02  2.21482437e-02  1.80909730e-02  1.46057341e-02  1.16546026e-02  9.19072235e-03  7.16209949e-03  5.51477493e-03  4.19536977e-03 
 1.26749855e-03  1.69319921e-03  2.23514690e-03  2.91598215e-03  3.76003276e-03  4.79267216e-03  6.03947072e-03  7.52515577e-03  9.27241597e-03  1.13006089e-02  1.36244536e-02  1.62528105e-02  1.91876708e-02  2.24234823e-02  2.59469352e-02  2.97373043e-02  3.37673950e-02  3.80050624e-02  4.24151829e-02  4.69618542e-02  5.16105118e-02  5.63295997e-02  6.10914314e-02  6.58719433e-02  7.06491727e-02  7.54004677e-02  8.00986433e-02  8.47075044e-02  8.91773367e-02  9.34411032e-02  9.74121438e-02  1.00984143e-01  1.04033971e-01  1.06427695e-01  1.08029641e-01  1.08713824e-01  1.08376563e-01  1.06948668e-01  1.04405402e-01  1.00772617e-01  9.61279342e-02  9.05966484e-02  8.43428471e-02  7.75570406e-02  7.04420413e-02  6.31989595e-02  5.60149283e-02  4.90536771e-02  4.24494669e-02  3.63043427e-02  3.06882421e-02  2.56412699e-02  2.11773971e-02  1.72889114e-02  1.39510899e-02  1.11267162e-02  8.77020608e-03  6.83120804e-03  5.25762048e-03  3.99801279e-03 
 1.47842222e-03  1.97397433e-03  2.60434152e-03  3.39553373e-03  4.37537441e-03  5.57270414e-03  7.01632941e-03  8.73373097e-03  1.07495694e-02  1.30840530e-02  1.57512623e-02  1.87575550e-02  2.21002034e-02  2.57664338e-02  2.97330422e-02  3.39667369e-02  3.84253059e-02  4.30596134e-02  4.78163113e-02  5.26410096e-02  5.74815267e-02  6.22907493e-02  6.70286182e-02  7.16628220e-02  7.61679360e-02  8.05229652e-02  8.47075044e-02  8.86969776e-02  9.24576298e-02  9.59420755e-02  9.90862563e-02  1.01808590e-01  1.04011902e-01  1.05588424e-01  1.06427695e-01  1.06426736e-01  1.05501362e-01  1.03597156e-01  1.00698480e-01  9.68340609e-02  9.20781671e-02  8.65470578e-02  8.03911668e-02  7.37841443e-02  6.69103037e-02  5.99521258e-02  5.30792590e-02  4.64400208e-02  4.01558802e-02  3.43189038e-02  2.89917776e-02  2.42098070e-02  1.99842400e-02  1.63063128e-02  1.31515351e-02  1.04838641e-02  8.25954049e-03  6.43045089e-03  4.94695447e-03  3.76015310e-03 
 1.70190368e-03  2.27128298e-03  2.99502927e-03  3.90267767e-03  5.02570349e-03  6.39656355e-03  8.04743259e-03  1.00086465e-02  1.23068914e-02  1.49632078e-02  1.79909167e-02  2.13936119e-02  2.51634035e-02  2.92796292e-02  3.37082654e-02  3.84022546e-02  4.33029066e-02  4.83424246e-02  5.34474485e-02  5.85433312e-02  6.35586825e-02  6.84295901e-02  7.31028859e-02  7.75378972e-02  8.17063091e-02  8.55900391e-02  8.91773367e-02  9.24576298e-02  9.54158715e-02  9.80272856e-02  1.00253427e-01  1.02040370e-01  1.03319605e-01  1.04011902e-01  1.04033971e-01  1.03307286e-01  1.01768044e-01  9.93768877e-02  9.61269580e-02  9.20489707e-02  8.72124457e-02  8.17228105e-02  7.57147628e-02  6.93428590e-02  6.27706608e-02  5.61598686e-02  4.96606951e-02  4.34043686e-02  3.74982063e-02  3.20232694e-02  2.70342921e-02  2.25613791e-02  1.86129152e-02  1.51791596e-02  1.22360956e-02  9.74921503e-03  7.67702102e-03  5.97411683e-03  4.59381092e-03  3.49021307e-03 
 1.93353496e-03  2.57923116e-03  3.39942647e-03  4.42726245e-03  5.69794607e-03  7.24762560e-03  9.11191005e-03  1.13240411e-02  1.39127550e-02  1.68999079e-02  2.02979799e-02  2.41076247e-02  2.83154818e-02  3.28925206e-02  3.77932126e-02  4.29558238e-02  4.83040572e-02  5.37501494e-02  5.91993306e-02  6.45553269e-02  6.97263459e-02  7.46308142e-02  7.92020619e-02  8.33912305e-02  8.71678994e-02  9.05182662e-02  9.34411032e-02  9.59420755e-02  9.80272856e-02  9.96970489e-02  1.00940902e-01  1.01734699e-01  1.02040370e-01  1.01808590e-01  1.00984143e-01  9.95134078e-02  9.73529624e-02  9.44781111e-02  9.08900296e-02  8.66204020e-02  8.17327785e-02  7.63204026e-02  7.05008193e-02  6.44080675e-02  5.81835762e-02  5.19669687e-02  4.58878459e-02  4.00593218e-02  3.45737093e-02  2.95004005e-02  2.48857058e-02  2.07542459e-02  1.71114313e-02  1.39465841e-02  1.12363241e-02  8.94793355e-03  7.04249665e-03  5.47768664e-03  4.21012585e-03  3.19728845e-03 
 2.16794043e-03  2.89064294e-03  3.80807131e-03  4.95696533e-03  6.37625092e-03  8.10575202e-03  1.01844949e-02  1.26486096e-02  1.55288636e-02  1.88479015e-02  2.26173156e-02  2.68347305e-02  3.14811574e-02  3.65189364e-02  4.18906390e-02  4.75193048e-02  5.33103250e-02  5.91551408e-02  6.49366847e-02  7.05362078e-02  7.58408297e-02  8.07509177e-02  8.51863000e-02  8.90903988e-02  9.24316367e-02  9.52018787e-02  9.74121438e-02  9.90862563e-02  1.00253427e-01  1.00940902e-01  1.01167779e-01  1.00940902e-01  1.00253427e-01  9.90862563e-02  9.74121438e-02  9.52018787e-02  9.24316367e-02  8.90903988e-02  8.51863000e-02  8.07509177e-02  7.58408297e-02  7.05362078e-02  6.49366847e-02  5.91551408e-02  5.33103250e-02  4.75193048e-02  4.18906390e-02  3.65189364e-02  3.14811574e-02  2.68347305e-02  2.26173156e-02  1.88479015e-02  1.55288636e-02  1.26486096e-02  1.01844949e-02  8.10575202e-03  6.37625092e-03  4.95696533e-03  3.80807131e-03  2.89064294e-03 
 2.39894658e-03  3.19728845e-03  4.21012585e-03  5.47768664e-03  7.04249665e-03  8.94793355e-03  1.12363241e-02  1.39465841e-02  1.71114313e-02  2.07542459e-02  2.48857058e-02  2.95004005e-02  3.45737093e-02  4.00593218e-02  4.58878459e-02  5.19669687e-02  5.81835762e-02  6.44080675e-02  7.05008193e-02  7.63204026e-02  8.17327785e-02  8.66204020e-02  9.08900296e-02  9.44781111e-02  9.73529624e-02  9.95134078e-02  1.00984143e-01  1.01808590e-01  1.02040370e-01  1.01734699e-01  1.00940902e-01  9.96970489e-02  9.80272856e-02  9.59420755e-02  9.34411032e-02  9.05182662e-02  8.71678994e-02  8.33912305e-02  7.92020619e-02  7.46308142e-02  6.97263459e-02  6.45553269e-02  5.91993306e-02  5.37501494e-02  4.83040572e-02  4.29558238e-02  3.77932126e-02  3.28925206e-02  2.83154818e-02  2.41076247e-02  2.02979799e-02  1.68999079e-02  1.39127550e-02  1.13240411e-02  9.11191005e-03  7.24762560e-03  5.69794607e-03  4.42726245e-03  3.39942647e-03  2.57923116e-03 
 2.61982801e-03  3.49021307e-03  4.59381092e-03  5.97411683e-03  7.67702102e-03  9.74921503e-03  1.22360956e-02  1.51791596e-02  1.86129152e-02  2.25613791e-02  2.70342921e-02  3.20232694e-02  3.74982063e-02  4.34043686e-02  4.96606951e-02  5.61598686e-02  6.27706608e-02  6.93428590e-02  7.57147628e-02  8.17228105e-02  8.72124457e-02  9.20489707e-02  9.61269580e-02  9.93768877e-02  1.01768044e-01  1.03307286e-01  1.04033971e-01  1.04011902e-01  1.03319605e-01  1.02040370e-01  1.00253427e-01  9.80272856e-02  9.54158715e-02  9.24576298e-02  8.91773367e-02  8.55900391e-02  8.17063091e-02  7.75378972e-02  7.31028859e-02  6.84295901e-02  6.35586825e-02  5.85433312e-02  5.34474485e-02  4.83424246e-02  4.33029066e-02  3.84022546e-02  3.37082654e-02  2.92796292e-02  2.51634035e-02  2.13936119e-02  1.79909167e-02  1.49632078e-02  1.23068914e-02  1.00086465e-02  8.04743259e-03  6.39656355e-03  5.02570349e-03  3.90267767e-03  2.99502927e-03  2.27128298e-03 
 2.82361864e-03  3.76015310e-03  4.94695447e-03  6.43045089e-03  8.25954049e-03  1.04838641e-02  1.31515351e-02  1.63063128e-02  1.99842400e-02  2.42098070e-02  2.89917776e-02  3.43189038e-02  4.01558802e-02  4.64400208e-02  5.30792590e-02  5.99521258e-02  6.69103037e-02  7.37841443e-02  8.03911668e-02  8.65470578e-02  9.20781671e-02  9.68340609e-02  1.00698480e-01  1.03597156e-01  1.05501362e-01  1.06426736e-01  1.06427695e-01  1.05588424e-01  1.04011902e-01  1.01808590e-01  9.90862563e-02  9.59420755e-02  9.24576298e-02  8.86969776e-02  8.47075044e-02  8.05229652e-02  7.61679360e-02  7.16628220e-02  6.70286182e-02  6.22907493e-02  5.74815267e-02  5.26410096e-02  4.78163113e-02  4.30596134e-02  3.84253059e-02  3.39667369e-02  2.97330422e-02  2.57664338e-02  2.21002034e-02  1.87575550e-02  1.57512623e-02  1.30840530e-02  1.07495694e-02  8.73373097e-03  7.01632941e-03  5.57270414e-03  4.37537441e-03  3.39553373e-03  2.60434152e-03  1.97397433e-03 
 3.00346925e-03  3.99801279e-03  5.25762048e-03  6.83120804e-03  8.77020608e-03  1.11267162e-02  1.39510899e-02  1.72889114e-02  2.11773971e-02  2.56412699e-02  3.06882421e-02  3.63043427e-02  4.24494669e-02  4.90536771e-02  5.60149283e-02  6.31989595e-02  7.04420413e-02  7.75570406e-02  8.43428471e-02  9.05966484e-02  9.61279342e-02  1.00772617e-01  1.04405402e-01  1.06948668e-01  1.08376563e-01  1.08713824e-01  1.08029641e-01  1.06427695e-01  1.04033971e-01  1.00984143e-01  9.74121438e-02  9.34411032e-02  8.91773367e-02  8.47075044e-02  8.00986433e-02  7.54004677e-02  7.06491727e-02  6.58719433e-02  6.10914314e-02  5.63295997e-02  5.16105118e-02  4.69618542e-02  4.24151829e-02  3.80050624e-02  3.37673950e-02  2.97373043e-02  2.59469352e-02  2.24234823e-02  1.91876708e-02  1.62528105e-02  1.36244536e-02  1.13006089e-02  9.27241597e-03  7.52515577e-03  6.03947072e-03  4.79267216e-03  3.76003276e-03  2.91598215e-03  2.23514690e-03  1.69319921e-03 
 3.15302685e-03  4.19536977e-03  5.51477493e-03  7.16209949e-03  9.19072235e-03  1.16546026e-02  1.46057341e-02  1.80909730e-02  2.21482437e-02  2.68021781e-02  3.20593168e-02  3.79031191e-02  4.42891772e-02  5.11412068e-02  5.83485464e-02  6.57659847e-02  7.32166846e-02  8.04987305e-02  8.73953662e-02  9.36883791e-02  9.91734118e-02  1.03675430e-01  1.07062302e-01  1.09254550e-01  1.10229897e-01  1.10022005e-01  1.08713824e-01  1.06426736e-01  1.03307286e-01  9.95134078e-02  9.52018787e-02  9.05182662e-02  8.55900391e-02  8.05229652e-02  7.54004677e-02  7.02853224e-02  6.52229494e-02  6.02455373e-02  5.53763219e-02  5.06334705e-02  4.60331840e-02  4.15918015e-02  3.73268576e-02  3.32571821e-02  2.94022443e-02  2.57810035e-02  2.24105429e-02  1.93047392e-02  1.64731637e-02  1.39203403e-02  1.16454151e-02  9.64223248e-03  7.89976403e-03  6.40281232e-03  5.13289686e-03  4.06922995e-03  3.18969947e-03  2.47178962e-03  1.89338827e-03  1.43344776e-03 
 3.26680662e-03  4.34497000e-03  5.70893727e-03  7.41087727e-03  9.50544246e-03  1.20477501e-02  1.50907414e-02  1.86818927e-02  2.28592791e-02  2.76470412e-02  3.30503830e-02  3.90503510e-02  4.55988062e-02  5.26141937e-02  5.99788873e-02  6.75389882e-02  7.51074106e-02  8.24708257e-02  8.94005542e-02  9.56668302e-02  1.01055141e-01  1.05382746e-01  1.08513175e-01  1.10366651e-01  1.10924918e-01  1.10229897e-01  1.08376563e-01  1.05501362e-01  1.01768044e-01  9.73529624e-02  9.24316367e-02  8.71678994e-02  8.17063091e-02  7.61679360e-02  7.06491727e-02  6.52229494e-02  5.99416152e-02  5.48407631e-02  4.99433619e-02  4.52636909e-02  4.08107141e-02  3.65906768e-02  3.26088377e-02  2.88703671e-02  2.53805338e-02  2.21443602e-02  1.91659555e-02  1.64477269e-02  1.39896432e-02  1.17886735e-02  9.83847754e-03  8.12937034e-03  6.64854710e-03  5.38052380e-03  4.30773294e-03  3.41120738e-03  2.67128773e-03  2.06829689e-03  1.58313797e-03  1.19778554e-03 
 3.34052621e-03  4.44117176e-03  5.83276385e-03  7.56809335e-03  9.70234713e-03  1.22910330e-02  1.53872740e-02  1.90384441e-02  2.32821452e-02  2.81415724e-02  3.36203951e-02  3.96974078e-02  4.63213713e-02  5.34066698e-02  6.08305895e-02  6.84331376e-02  7.60202719e-02  8.33711413e-02  9.02494388e-02  9.64182653e-02  1.01657154e-01  1.05779274e-01  1.08646517e-01  1.10180320e-01  1.10366651e-01  1.09254550e-01  1.06948668e-01  1.03597156e-01  9.93768877e-02  9.44781111e-02  8.90903988e-02  8.33912305e-02  7.75378972e-02  7.16628220e-02  6.58719433e-02  6.02455373e-02  5.48407631e-02  4.96952382e-02  4.48310464e-02  4.02587089e-02  3.59807752e-02  3.19948119e-02  2.82956759e-02  2.48770541e-02  2.17323283e-02  1.88548827e-02  1.62380068e-02  1.38745539e-02  1.17565077e-02  9.87457808e-03  8.21791510e-03  6.77398777e-03  5.52864139e-03  4.46631827e-03  3.57040713e-03  2.82367622e-03  2.20874199e-03  1.70852910e-03  1.30668481e-03  9.87921585e-04 
 3.37137388e-03  4.48030026e-03  5.88151239e-03  7.62770226e-03  9.77381968e-03  1.23749624e-02  1.54836363e-02  1.91463585e-02  2.33996052e-02  2.82651496e-02  3.37449207e-02  3.98156359e-02  4.64236340e-02  5.34805400e-02  6.08605785e-02  6.84004672e-02  7.59027712e-02  8.31433289e-02  8.98828456e-02  9.58820410e-02  1.00918973e-01  1.04806518e-01  1.07407677e-01  1.08646517e-01  1.08513175e-01  1.07062302e-01  1.04405402e-01  1.00698480e-01  9.61269580e-02  9.08900296e-02  8.51863000e-02  7.92020619e-02  7.31028859e-02  6.70286182e-02  6.10914314e-02  5.53763219e-02  4.99433619e-02  4.48310464e-02  4.00601748e-02  3.56378258e-02  3.15610968e-02  2.78203838e-02  2.44020664e-02  2.12905403e-02  1.84696092e-02  1.59233034e-02  1.36362330e-02  1.15936049e-02  9.78103543e-03  8.18427875e-03  6.78896513e-03  5.58041493e-03  4.54356245e-03  3.66299748e-03  2.92311118e-03  2.30831969e-03  1.80333180e-03  1.39342705e-03  1.06471417e-03  8.04347062e-04 
 3.35818667e-03  4.46088163e-03  5.85334572e-03  7.58745184e-03  9.71714467e-03  1.22963178e-02  1.53760706e-02  1.90013221e-02  2.32067858e-02  2.80123571e-02  3.34180429e-02  3.93986890e-02  4.58989292e-02  5.28289810e-02  6.00620952e-02  6.74345778e-02  7.47492481e-02  8.17829289e-02  8.82980510e-02  9.40577538e-02  9.88431066e-02  1.02470446e-01  1.04806518e-01  1.05779274e-01  1.05382746e-01  1.03675430e-01  1.00772617e-01  9.68340609e-02  9.20489707e-02  8.66204020e-02  8.07509177e-02  7.46308142e-02  6.84295901e-02  6.22907493e-02  5.63295997e-02  5.06334705e-02  4.52636909e-02  4.02587089e-02  3.56378258e-02  3.14051279e-02  2.75533013e-02  2.40671039e-02  2.09263380e-02  1.81082413e-02  1.55892676e-02  1.33462892e-02  1.13572929e-02  9.60167340e-03  8.06024021e-03  6.71505303e-03  5.54918439e-03  4.54648647e-03  3.69141211e-03  2.96891500e-03  2.36443268e-03  1.86394047e-03  1.45405519e-03  1.12216382e-03  8.56553545e-04  6.46523345e-04 
 3.30152297e-03  4.38373489e-03  5.74944704e-03  7.44902575e-03  9.53468220e-03  1.20583585e-02  1.50690120e-02  1.86092810e-02  2.27115433e-02  2.73934231e-02  3.26528827e-02  3.84631511e-02  4.47679058e-02  5.14773143e-02  5.84657134e-02  6.55718059e-02  7.26021958e-02  7.93388201e-02  8.55503387e-02  9.10068646e-02  9.54966957e-02  9.88431066e-02  1.00918973e-01  1.01657154e-01  1.01055141e-01  9.91734118e-02  9.61279342e-02  9.20781671e-02  8.72124457e-02  8.17327785e-02  7.58408297e-02  6.97263459e-02  6.35586825e-02  5.74815267e-02  5.16105118e-02  4.60331840e-02  4.08107141e-02  3.59807752e-02  3.15610968e-02  2.75533013e-02  2.39467212e-02  2.07219650e-02  1.78540678e-02  1.53151168e-02  1.30762995e-02  1.11093761e-02  9.38762319e-03  7.88633046e-03  6.58295460e-03  5.45703848e-03  4.48999645e-03  3.66484929e-03  2.96596962e-03  2.37887516e-03  1.89008636e-03  1.48704817e-03  1.15810473e-03  8.92509855e-04  6.80454976e-04  5.13097810e-04 
