VASP file: Electron density in real space (e/Bohr^3)  PySCF Version: 2.4.0  Date: Tue Dec  5 23:48:59 2023
1.0000000000
    4.42791326     0.00000000     0.00000000 
    0.00000000     4.42791326     0.00000000 
    0.00000000     0.00000000     4.42791326 
    C    H
    1    4
Cartesian 
     2.21395663     2.21395663     2.21395663
     2.84038163     1.58753163     1.58753163
     2.84038163     2.84038163     2.84038163
     1.58753163     2.84038163     1.58753163
     1.58753163     1.58753163     2.84038163

    60     60     60 

 4.86365193e-07  7.03623229e-07  1.01766193e-06  1.47170510e-06  2.12769240e-06  3.07355438e-06  4.43269925e-06  6.37604821e-06  9.13684306e-06  1.30282418e-05  1.84633942e-05  2.59772404e-05  3.62487003e-05  5.01212531e-05  6.86191877e-05  9.29561288e-05  1.24531920e-04  1.64913705e-04  2.15797244e-04  2.78945255e-04  3.56100957e-04  4.48877051e-04  5.58623034e-04  6.86276748e-04  8.32209252e-04  9.96074965e-04  1.17668120e-03  1.37189224e-03  1.57858270e-03  1.79265268e-03  2.00911331e-03  2.22224594e-03  2.42583135e-03  2.61343856e-03  2.77875577e-03  2.91594040e-03  3.01996142e-03  3.08690597e-03  3.11422416e-03  3.10089050e-03  3.04746740e-03  2.95606553e-03  2.83020453e-03  2.67458737e-03  2.49480846e-03  2.29702090e-03  2.08759053e-03  1.87276343e-03  1.65837025e-03  1.44958566e-03  1.25075418e-03  1.06528714e-03  8.95628979e-04  7.43285445e-04  6.08902558e-04  4.92382651e-04  3.93023146e-04  3.09664417e-04  2.40834891e-04  1.84884042e-04 
 7.03623229e-07  1.01232044e-06  1.45553999e-06  2.09214293e-06  3.00612844e-06  4.31634412e-06  6.18914366e-06  8.85444027e-06  1.26254515e-05  1.79221514e-05  2.52980120e-05  3.54690106e-05  4.93431137e-05  6.80475472e-05  9.29502077e-05  1.25670672e-04  1.68075568e-04  2.22252767e-04  2.90459143e-04  3.75037667e-04  4.78301486e-04  6.02385412e-04  7.49068777e-04  9.19577653e-04  1.11437863e-03  1.33298010e-03  1.57375992e-03  1.83383947e-03  2.10902365e-03  2.39382340e-03  2.68157197e-03  2.96463903e-03  3.23473789e-03  3.48331166e-03  3.70197507e-03  3.88298115e-03  4.01967681e-03  4.10691004e-03  4.14135356e-03  4.12171626e-03  4.04882336e-03  3.92555811e-03  3.75667098e-03  3.54847400e-03  3.30844812e-03  3.04479789e-03  2.76599047e-03  2.48031460e-03  2.19549045e-03  1.91835381e-03  1.65462943e-03  1.40879889e-03  1.18406002e-03  9.82367906e-04  8.04542100e-04  6.50422119e-04  5.19052139e-04  4.08877005e-04  3.17934035e-04  2.44028451e-04 
 1.01766193e-06  1.45553999e-06  2.07956208e-06  2.96922764e-06  4.23741821e-06  6.04319072e-06  8.60844692e-06  1.22390681e-05  1.73509012e-05  2.45006119e-05  3.44208426e-05  4.80583147e-05  6.66124949e-05  9.15712610e-05  1.24738741e-04  1.68249316e-04  2.24560891e-04  2.96420131e-04  3.86792806e-04  4.98753716e-04  6.35333234e-04  7.99321154e-04  9.93033195e-04  1.21805085e-03  1.47495070e-03  1.76304427e-03  2.08015308e-03  2.42244536e-03  2.78435970e-03  3.15863737e-03  3.53647797e-03  3.90782362e-03  4.26176533e-03  4.58705314e-03  4.87267898e-03  5.10849191e-03  5.28579797e-03  5.39789521e-03  5.44049726e-03  5.41200746e-03  5.31361831e-03  5.14922740e-03  4.92517812e-03  4.64984964e-03  4.33313387e-03  3.98584551e-03  3.61911446e-03  3.24380762e-03  2.87002043e-03  2.50666811e-03  2.16119510e-03  1.83940885e-03  1.54543310e-03  1.28176683e-03  1.04942865e-03  8.48162797e-04  6.76682032e-04  5.32924218e-04  4.14302579e-04  3.17934035e-04 
 1.47170510e-06  2.09214293e-06  2.96922764e-06  4.20952696e-06  5.96344314e-06  8.44184654e-06  1.19377383e-05  1.68537063e-05  2.37356736e-05  3.33129514e-05  4.65438554e-05  6.46650952e-05  8.92418193e-05  1.22213646e-04  1.65930377e-04  2.23169548e-04  2.97126833e-04  3.91369850e-04  5.09746456e-04  6.56240492e-04  8.34771246e-04  1.04893770e-03  1.30171474e-03  1.59511530e-03  1.92983967e-03  2.30493906e-03  2.71752578e-03  3.16256369e-03  3.63277209e-03  4.11867057e-03  4.60878406e-03  5.09001466e-03  5.54817235e-03  5.96864035e-03  6.33713546e-03  6.64051019e-03  6.86753450e-03  7.00959193e-03  7.06122878e-03  7.02050605e-03  6.88912123e-03  6.67228876e-03  6.37839087e-03  6.01843244e-03  5.60535064e-03  5.15324085e-03  4.67656431e-03  4.18939862e-03  3.70478325e-03  3.23419784e-03  2.78719577e-03  2.37119930e-03  1.99144882e-03  1.65108710e-03  1.35135193e-03  1.09184613e-03  8.70853227e-04  6.85669086e-04  5.32924218e-04  4.08877005e-04 
 2.12769240e-06  3.00612844e-06  4.23741821e-06  5.96344314e-06  8.38301078e-06  1.17731910e-05  1.65170868e-05  2.31390193e-05  3.23477637e-05  4.50878448e-05  6.25979269e-05  8.64739786e-05  1.18733180e-04  1.61872540e-04  2.18914093e-04  2.93426574e-04  3.89512025e-04  5.11745212e-04  6.65054512e-04  8.54535337e-04  1.08519150e-03  1.36160615e-03  1.68755160e-03  2.06555642e-03  2.49645667e-03  2.97896652e-03  3.50930901e-03  4.08095038e-03  4.68447958e-03  5.30766864e-03  5.93573810e-03  6.55183647e-03  7.13772392e-03  7.67462970e-03  8.14423243e-03  8.52969509e-03  8.81667375e-03  8.99421528e-03  9.05546314e-03  8.99810565e-03  8.82452329e-03  8.54162107e-03  8.16036257e-03  7.69505114e-03  7.16242652e-03  6.58065862e-03  5.96832429e-03  5.34344663e-03  4.72266280e-03  4.12056759e-03  3.54925894e-03  3.01809140e-03  2.53362548e-03  2.09974731e-03  1.71792346e-03  1.38755110e-03  1.10636348e-03  8.70853227e-04  6.76682032e-04  5.19052139e-04 
 3.07355438e-06  4.31634412e-06  6.04319072e-06  8.44184654e-06  1.17731910e-05  1.63982210e-05  2.28131569e-05  3.16939032e-05  4.39506687e-05  6.07927507e-05  8.38022449e-05  1.15013723e-04  1.56994728e-04  2.12919415e-04  2.86624967e-04  3.82637971e-04  5.06156099e-04  6.62969782e-04  8.59309582e-04  1.10160814e-03  1.39617109e-03  1.74875929e-03  2.16409447e-03  2.64531161e-03  3.19339238e-03  3.80662372e-03  4.48013323e-03  5.20555543e-03  5.97088165e-03  6.76053814e-03  7.55572350e-03  8.33501756e-03  9.07525007e-03  9.75259190e-03  1.03438049e-02  1.08275635e-02  1.11857446e-02  1.14045755e-02  1.14755338e-02  1.13959149e-02  1.11690077e-02  1.08038634e-02  1.03146786e-02  9.71985528e-03  9.04082822e-03  8.30076836e-03  7.52327416e-03  6.73115315e-03  5.94537692e-03  5.18426675e-03  4.46294002e-03  3.79302107e-03  3.18259831e-03  2.63639263e-03  2.15609170e-03  1.74079952e-03  1.38755110e-03  1.09184613e-03  8.48162797e-04  6.50422119e-04 
 4.43269925e-06  6.18914366e-06  8.60844692e-06  1.19377383e-05  1.65170868e-05  2.28131569e-05  3.14629468e-05  4.33291589e-05  5.95682081e-05  8.17108682e-05  1.11754003e-04  1.52259652e-04  2.06455018e-04  2.78323682e-04  3.72675070e-04  4.95176080e-04  6.52326541e-04  8.51359409e-04  1.10004795e-03  1.40640621e-03  1.77827607e-03  2.22280407e-03  2.74582356e-03  3.35117128e-03  4.03998128e-03  4.81001099e-03  5.65506309e-03  6.56457050e-03  7.52340946e-03  8.51199672e-03  9.50671020e-03  1.04806497e-02  1.14047257e-02  1.22490302e-02  1.29844130e-02  1.35841527e-02  1.40255915e-02  1.42915910e-02  1.43716737e-02  1.42627347e-02  1.39692516e-02  1.35029689e-02  1.28820888e-02  1.21300507e-02  1.12740216e-02  1.03432390e-02  9.36735235e-03  8.37489425e-03  7.39198366e-03  6.44133053e-03  5.54157396e-03  4.70695346e-03  3.94728558e-03  3.26819907e-03  2.67156971e-03  2.15609170e-03  1.71792346e-03  1.35135193e-03  1.04942865e-03  8.04542100e-04 
 6.37604821e-06  8.85444027e-06  1.22390681e-05  1.68537063e-05  2.31390193e-05  3.16939032e-05  4.33291589e-05  5.91354094e-05  8.05665039e-05  1.09538416e-04  1.48541715e-04  2.00762998e-04  2.70207285e-04  3.61809423e-04  4.81518409e-04  6.36334772e-04  8.34278386e-04  1.08426322e-03  1.39585728e-03  1.77891114e-03  2.24304703e-03  2.79701296e-03  3.44792110e-03  4.20040652e-03  5.05575889e-03  6.01109403e-03  7.05864289e-03  8.18523983e-03  9.37208991e-03  1.05948843e-02  1.18243137e-02  1.30270036e-02  1.41668581e-02  1.52067623e-02  1.61105470e-02  1.68450811e-02  1.73823266e-02  1.77011720e-02  1.77888686e-02  1.76419217e-02  1.72663381e-02  1.66772025e-02  1.58976242e-02  1.49571654e-02  1.38899118e-02  1.27323727e-02  1.15213978e-02  1.02922781e-02  9.07715640e-03  7.90382890e-03  6.79496947e-03  5.76776964e-03  4.83395226e-03  4.00009654e-03  3.26819907e-03  2.63639263e-03  2.09974731e-03  1.65108710e-03  1.28176683e-03  9.82367906e-04 
 9.13684306e-06  1.26254515e-05  1.73509012e-05  2.37356736e-05  3.23477637e-05  4.39506687e-05  5.95682081e-05  8.05665039e-05  1.08754650e-04  1.46504095e-04  1.96884407e-04  2.63809837e-04  3.52186902e-04  4.68048447e-04  6.18654548e-04  8.12536066e-04  1.05945333e-03  1.37024143e-03  1.75651588e-03  2.23021868e-03  2.80299556e-03  3.48540989e-03  4.28601729e-03  5.21034442e-03  6.25983545e-03  7.43084653e-03  8.71378108e-03  1.00924642e-02  1.15438524e-02  1.30381631e-02  1.45394879e-02  1.60069216e-02  1.73961980e-02  1.86617757e-02  1.97592610e-02  2.06480031e-02  2.12936545e-02  2.16704646e-02  2.17630763e-02  2.15676356e-02  2.10920837e-02  2.03555954e-02  1.93872212e-02  1.82238783e-02  1.69079048e-02  1.54844188e-02  1.39987269e-02  1.24939880e-02  1.10092892e-02  9.57822379e-03  8.22800292e-03  6.97907850e-03  5.84521876e-03  4.83395226e-03  3.94728558e-03  3.18259831e-03  2.53362548e-03  1.99144882e-03  1.54543310e-03  1.18406002e-03 
 1.30282418e-05  1.79221514e-05  2.45006119e-05  3.33129514e-05  4.50878448e-05  6.07927507e-05  8.17108682e-05  1.09538416e-04  1.46504095e-04  1.95510798e-04  2.60296832e-04  3.45609963e-04  4.57382603e-04  6.02890671e-04  7.90872565e-04  1.03157920e-03  1.33672215e-03  1.71928568e-03  2.19317157e-03  2.77265294e-03  3.47162644e-03  4.30266995e-03  5.27593433e-03  6.39792139e-03  7.67022301e-03  9.08831615e-03  1.06405230e-02  1.23072525e-02  1.40606370e-02  1.58646686e-02  1.76759131e-02  1.94448494e-02  2.11178311e-02  2.26396088e-02  2.39562851e-02  2.50185025e-02  2.57846070e-02  2.62234954e-02  2.63168497e-02  2.60605114e-02  2.54648263e-02  2.45539108e-02  2.33639165e-02  2.19404852e-02  2.03356722e-02  1.86046551e-02  1.68025370e-02  1.49815040e-02  1.31885227e-02  1.14636807e-02  9.83919181e-03  8.33902593e-03  6.97907850e-03  5.76776964e-03  4.70695346e-03  3.79302107e-03  3.01809140e-03  2.37119930e-03  1.83940885e-03  1.40879889e-03 
 1.84633942e-05  2.52980120e-05  3.44208426e-05  4.65438554e-05  6.25979269e-05  8.38022449e-05  1.11754003e-04  1.48541715e-04  1.96884407e-04  2.60296832e-04  3.43277566e-04  4.51512181e-04  5.92077749e-04  7.73628084e-04  1.00653189e-03  1.30292947e-03  1.67666909e-03  2.14308263e-03  2.71856401e-03  3.41992253e-03  4.26349897e-03  5.26405323e-03  6.43345695e-03  7.77925236e-03  9.30316406e-03  1.09996737e-02  1.28547833e-02  1.48451032e-02  1.69373974e-02  1.90887124e-02  2.12471885e-02  2.33536193e-02  2.53437670e-02  2.71513748e-02  2.87117294e-02  2.99655376e-02  3.08628019e-02  3.13663261e-02  3.14544760e-02  3.11228720e-02  3.03847957e-02  2.92702460e-02  2.78237432e-02  2.61011337e-02  2.41657555e-02  2.20843729e-02  1.99232706e-02  1.77448306e-02  1.56048128e-02  1.35504473e-02  1.16193500e-02  9.83919181e-03  8.22800292e-03  6.79496947e-03  5.54157396e-03  4.46294002e-03  3.54925894e-03  2.78719577e-03  2.16119510e-03  1.65462943e-03 
 2.59772404e-05  3.54690106e-05  4.80583147e-05  6.46650952e-05  8.64739786e-05  1.15013723e-04  1.52259652e-04  2.00762998e-04  2.63809837e-04  3.45609963e-04  4.51512181e-04  5.88237118e-04  7.64111735e-04  9.89281661e-04  1.27586906e-03  1.63803607e-03  2.09190857e-03  2.65531337e-03  3.34728646e-03  4.18732021e-03  5.19433560e-03  6.38538979e-03  7.77415767e-03  9.36925743e-03  1.11725189e-02  1.31773194e-02  1.53671302e-02  1.77144285e-02  2.01801294e-02  2.27136883e-02  2.52539980e-02  2.77311689e-02  3.00692218e-02  3.21896367e-02  3.40155983e-02  3.54766615e-02  3.65134531e-02  3.70819506e-02  3.71568655e-02  3.67337141e-02  3.58292968e-02  3.44805011e-02  3.27415534e-02  3.06800494e-02  2.83722219e-02  2.58979684e-02  2.33361285e-02  2.07604067e-02  1.82361994e-02  1.58184395e-02  1.35504473e-02  1.14636807e-02  9.57822379e-03  7.90382890e-03  6.44133053e-03  5.18426675e-03  4.12056759e-03  3.23419784e-03  2.50666811e-03  1.91835381e-03 
 3.62487003e-05  4.93431137e-05  6.66124949e-05  8.92418193e-05  1.18733180e-04  1.56994728e-04  2.06455018e-04  2.70207285e-04  3.52186902e-04  4.57382603e-04  5.92077749e-04  7.64111735e-04  9.83143735e-04  1.26089166e-03  1.61130955e-03  2.05065764e-03  2.59741335e-03  3.27196958e-03  4.09607155e-03  5.09195594e-03  6.28117609e-03  7.68312503e-03  9.31329996e-03  1.11813863e-02  1.32892722e-02  1.56291309e-02  1.81817330e-02  2.09151594e-02  2.37840960e-02  2.67298839e-02  2.96814823e-02  3.25574631e-02  3.52690928e-02  3.77244580e-02  3.98334639e-02  4.15133862e-02  4.26945150e-02  4.33253257e-02  4.33765847e-02  4.28438616e-02  4.17480930e-02  4.01340860e-02  3.80671230e-02  3.56280850e-02  3.29076777e-02  3.00004172e-02  2.69989826e-02  2.39894158e-02  2.10474667e-02  1.82361994e-02  1.56048128e-02  1.31885227e-02  1.10092892e-02  9.07715640e-03  7.39198366e-03  5.94537692e-03  4.72266280e-03  3.70478325e-03  2.87002043e-03  2.19549045e-03 
 5.01212531e-05  6.80475472e-05  9.15712610e-05  1.22213646e-04  1.61872540e-04  2.12919415e-04  2.78323682e-04  3.61809423e-04  4.68048447e-04  6.02890671e-04  7.73628084e-04  9.89281661e-04  1.26089166e-03  1.60178123e-03  2.02775210e-03  2.55716114e-03  3.21081932e-03  4.01165271e-03  4.98407044e-03  6.15299846e-03  7.54256090e-03  9.17442117e-03  1.10658309e-02  1.32274726e-02  1.56612159e-02  1.83579395e-02  2.12955937e-02  2.44376946e-02  2.77324542e-02  3.11127491e-02  3.44971215e-02  3.77919715e-02  4.08950286e-02  4.37000829e-02  4.61027955e-02  4.80072255e-02  4.93325256e-02  5.00191189e-02  5.00336235e-02  4.93718687e-02  4.80595535e-02  4.61504043e-02  4.37220376e-02  4.08700473e-02  3.77010487e-02  3.43254931e-02  3.08509973e-02  2.73767613e-02  2.39894158e-02  2.07604067e-02  1.77448306e-02  1.49815040e-02  1.24939880e-02  1.02922781e-02  8.37489425e-03  6.73115315e-03  5.34344663e-03  4.18939862e-03  3.24380762e-03  2.48031460e-03 
 6.86191877e-05  9.29502077e-05  1.24738741e-04  1.65930377e-04  2.18914093e-04  2.86624967e-04  3.72675070e-04  4.81518409e-04  6.18654548e-04  7.90872565e-04  1.00653189e-03  1.27586906e-03  1.61130955e-03  2.02775210e-03  2.54278045e-03  3.17674603e-03  3.95265698e-03  4.89580621e-03  6.03307738e-03  7.39188231e-03  8.99870894e-03  1.08772920e-02  1.30464577e-02  1.55177334e-02  1.82928519e-02  2.13613116e-02  2.46981811e-02  2.82623574e-02  3.19955042e-02  3.58219074e-02  3.96494808e-02  4.33721280e-02  4.68735945e-02  5.00328153e-02  5.27305806e-02  5.48571084e-02  5.63198825e-02  5.70509331e-02  5.70126656e-02  5.62014335e-02  5.46482983e-02  5.24168003e-02  4.95979914e-02  4.63033703e-02  4.26566225e-02  3.87851533e-02  3.48123141e-02  3.08509973e-02  2.69989826e-02  2.33361285e-02  1.99232706e-02  1.68025370e-02  1.39987269e-02  1.15213978e-02  9.36735235e-03  7.52327416e-03  5.96832429e-03  4.67656431e-03  3.61911446e-03  2.76599047e-03 
 9.29561288e-05  1.25670672e-04  1.68249316e-04  2.23169548e-04  2.93426574e-04  3.82637971e-04  4.95176080e-04  6.36334772e-04  8.12536066e-04  1.03157920e-03  1.30292947e-03  1.63803607e-03  2.05065764e-03  2.55716114e-03  3.17674603e-03  3.93153280e-03  4.84644550e-03  5.94881491e-03  7.26763460e-03  8.83241835e-03  1.06716343e-02  1.28107266e-02  1.52697780e-02  1.80609068e-02  2.11855342e-02  2.46316920e-02  2.83715678e-02  3.23595152e-02  3.65307770e-02  4.08011947e-02  4.50681818e-02  4.92132207e-02  5.31060698e-02  5.66107231e-02  5.95929475e-02  6.19289435e-02  6.35143868e-02  6.42728794e-02  6.41627437e-02  6.31811876e-02  6.13651689e-02  5.87887428e-02  5.55571966e-02  5.17987455e-02  4.76548767e-02  4.32705264e-02  3.87851533e-02  3.43254931e-02  3.00004172e-02  2.58979684e-02  2.20843729e-02  1.86046551e-02  1.54844188e-02  1.27323727e-02  1.03432390e-02  8.30076836e-03  6.58065862e-03  5.15324085e-03  3.98584551e-03  3.04479789e-03 
 1.24531920e-04  1.68075568e-04  2.24560891e-04  2.97126833e-04  3.89512025e-04  5.06156099e-04  6.52326541e-04  8.34278386e-04  1.05945333e-03  1.33672215e-03  1.67666909e-03  2.09190857e-03  2.59741335e-03  3.21081932e-03  3.95265698e-03  4.84644550e-03  5.91857437e-03  7.19789344e-03  8.71493766e-03  1.05007291e-02  1.25851271e-02  1.49947342e-02  1.77504102e-02  2.08644888e-02  2.43378363e-02  2.81569238e-02  3.22911231e-02  3.66904632e-02  4.12841215e-02  4.59799571e-02  5.06654138e-02  5.52101112e-02  5.94703687e-02  6.32957490e-02  6.65374538e-02  6.90580742e-02  7.07418528e-02  7.15043291e-02  7.13001198e-02  7.01276886e-02  6.80303091e-02  6.50929647e-02  6.14355463e-02  5.72032639e-02  5.25555548e-02  4.76548767e-02  4.26566225e-02  3.77010487e-02  3.29076777e-02  2.83722219e-02  2.41657555e-02  2.03356722e-02  1.69079048e-02  1.38899118e-02  1.12740216e-02  9.04082822e-03  7.16242652e-03  5.60535064e-03  4.33313387e-03  3.30844812e-03 
 1.64913705e-04  2.22252767e-04  2.96420131e-04  3.91369850e-04  5.11745212e-04  6.62969782e-04  8.51359409e-04  1.08426322e-03  1.37024143e-03  1.71928568e-03  2.14308263e-03  2.65531337e-03  3.27196958e-03  4.01165271e-03  4.89580621e-03  5.94881491e-03  7.19789344e-03  8.67267975e-03  1.04044541e-02  1.24249197e-02  1.47645098e-02  1.74502240e-02  2.05030405e-02  2.39349981e-02  2.77460849e-02  3.19211068e-02  3.64267515e-02  4.12090966e-02  4.61918587e-02  5.12757273e-02  5.63391613e-02  6.12410295e-02  6.58254006e-02  6.99286178e-02  7.33885014e-02  7.60551432e-02  7.78023473e-02  7.85384360e-02  7.82149888e-02  7.68321947e-02  7.44398991e-02  7.11340482e-02  6.70489507e-02  6.23464186e-02  5.72032639e-02  5.17987455e-02  4.63033703e-02  4.08700473e-02  3.56280850e-02  3.06800494e-02  2.61011337e-02  2.19404852e-02  1.82238783e-02  1.49571654e-02  1.21300507e-02  9.71985528e-03  7.69505114e-03  6.01843244e-03  4.64984964e-03  3.54847400e-03 
 2.15797244e-04  2.90459143e-04  3.86792806e-04  5.09746456e-04  6.65054512e-04  8.59309582e-04  1.10004795e-03  1.39585728e-03  1.75651588e-03  2.19317157e-03  2.71856401e-03  3.34728646e-03  4.09607155e-03  4.98407044e-03  6.03307738e-03  7.26763460e-03  8.71493766e-03  1.04044541e-02  1.23671699e-02  1.46343935e-02  1.72360728e-02  2.01986205e-02  2.35422864e-02  2.72781631e-02  3.14049563e-02  3.59056925e-02  4.07445794e-02  4.58642811e-02  5.11839248e-02  5.65982185e-02  6.19781109e-02  6.71734324e-02  7.20178888e-02  7.63365871e-02  7.99559534e-02  8.27154672e-02  8.44801745e-02  8.51525530e-02  8.46821238e-02  8.30713267e-02  8.03766250e-02  7.67045077e-02  7.22028675e-02  6.70489507e-02  6.14355463e-02  5.55571966e-02  4.95979914e-02  4.37220376e-02  3.80671230e-02  3.27415534e-02  2.78237432e-02  2.33639165e-02  1.93872212e-02  1.58976242e-02  1.28820888e-02  1.03146786e-02  8.16036257e-03  6.37839087e-03  4.92517812e-03  3.75667098e-03 
 2.78945255e-04  3.75037667e-04  4.98753716e-04  6.56240492e-04  8.54535337e-04  1.10160814e-03  1.40640621e-03  1.77891114e-03  2.23021868e-03  2.77265294e-03  3.41992253e-03  4.18732021e-03  5.09195594e-03  6.15299846e-03  7.39188231e-03  8.83241835e-03  1.05007291e-02  1.24249197e-02  1.46343935e-02  1.71587347e-02  2.00261016e-02  2.32611143e-02  2.68822620e-02  3.08989042e-02  3.53079880e-02  4.00906466e-02  4.52088968e-02  5.06027042e-02  5.61877569e-02  6.18543592e-02  6.74679267e-02  7.28715801e-02  7.78912654e-02  8.23436272e-02  8.60465036e-02  8.88314407e-02  9.05571011e-02  9.11220165e-02  9.04749254e-02  8.86210727e-02  8.56233385e-02  8.15978355e-02  7.67045077e-02  7.11340482e-02  6.50929647e-02  5.87887428e-02  5.24168003e-02  4.61504043e-02  4.01340860e-02  3.44805011e-02  2.92702460e-02  2.45539108e-02  2.03555954e-02  1.66772025e-02  1.35029689e-02  1.08038634e-02  8.54162107e-03  6.67228876e-03  5.14922740e-03  3.92555811e-03 
 3.56100957e-04  4.78301486e-04  6.35333234e-04  8.34771246e-04  1.08519150e-03  1.39617109e-03  1.77827607e-03  2.24304703e-03  2.80299556e-03  3.47162644e-03  4.26349897e-03  5.19433560e-03  6.28117609e-03  7.54256090e-03  8.99870894e-03  1.06716343e-02  1.25851271e-02  1.47645098e-02  1.72360728e-02  2.00261016e-02  2.31594271e-02  2.66574624e-02  3.05357354e-02  3.48009707e-02  3.94478290e-02  4.44554593e-02  4.97840802e-02  5.53718671e-02  6.11325069e-02  6.69538661e-02  7.26982966e-02  7.82051298e-02  8.32958362e-02  8.77821132e-02  9.14767818e-02  9.42068627e-02  9.58276404e-02  9.62360647e-02  9.53816119e-02  9.32728761e-02  8.99786812e-02  8.56233385e-02  8.03766250e-02  7.44398991e-02  6.80303091e-02  6.13651689e-02  5.46482983e-02  4.80595535e-02  4.17480930e-02  3.58292968e-02  3.03847957e-02  2.54648263e-02  2.10920837e-02  1.72663381e-02  1.39692516e-02  1.11690077e-02  8.82452329e-03  6.88912123e-03  5.31361831e-03  4.04882336e-03 
 4.48877051e-04  6.02385412e-04  7.99321154e-04  1.04893770e-03  1.36160615e-03  1.74875929e-03  2.22280407e-03  2.79701296e-03  3.48540989e-03  4.30266995e-03  5.26405323e-03  6.38538979e-03  7.68312503e-03  9.17442117e-03  1.08772920e-02  1.28107266e-02  1.49947342e-02  1.74502240e-02  2.01986205e-02  2.32611143e-02  2.66574624e-02  3.04042774e-02  3.45127883e-02  3.89861015e-02  4.38160468e-02  4.89797540e-02  5.44361677e-02  6.01227917e-02  6.59530412e-02  7.18146829e-02  7.75699268e-02  8.30577623e-02  8.80990563e-02  9.25047010e-02  9.60867005e-02  9.86715452e-02  1.00114638e-01  1.00314056e-01  9.92216854e-02  9.68499530e-02  9.32728761e-02  8.86210727e-02  8.30713267e-02  7.68321947e-02  7.01276886e-02  6.31811876e-02  5.62014335e-02  4.93718687e-02  4.28438616e-02  3.67337141e-02  3.11228720e-02  2.60605114e-02  2.15676356e-02  1.76419217e-02  1.42627347e-02  1.13959149e-02  8.99810565e-03  7.02050605e-03  5.41200746e-03  4.12171626e-03 
 5.58623034e-04  7.49068777e-04  9.93033195e-04  1.30171474e-03  1.68755160e-03  2.16409447e-03  2.74582356e-03  3.44792110e-03  4.28601729e-03  5.27593433e-03  6.43345695e-03  7.77415767e-03  9.31329996e-03  1.10658309e-02  1.30464577e-02  1.52697780e-02  1.77504102e-02  2.05030405e-02  2.35422864e-02  2.68822620e-02  3.05357354e-02  3.45127883e-02  3.88189223e-02  4.34526073e-02  4.84023285e-02  5.36432572e-02  5.91337532e-02  6.48119949e-02  7.05931416e-02  7.63675373e-02  8.20005560e-02  8.73347122e-02  9.21945829e-02  9.63948429e-02  9.97513033e-02  1.02094291e-01  1.03283112e-01  1.03219845e-01  1.01860496e-01  9.92216854e-02  9.53816119e-02  9.04749254e-02  8.46821238e-02  7.82149888e-02  7.13001198e-02  6.41627437e-02  5.70126656e-02  5.00336235e-02  4.33765847e-02  3.71568655e-02  3.14544760e-02  2.63168497e-02  2.17630763e-02  1.77888686e-02  1.43716737e-02  1.14755338e-02  9.05546314e-03  7.06122878e-03  5.44049726e-03  4.14135356e-03 
 6.86276748e-04  9.19577653e-04  1.21805085e-03  1.59511530e-03  2.06555642e-03  2.64531161e-03  3.35117128e-03  4.20040652e-03  5.21034442e-03  6.39792139e-03  7.77925236e-03  9.36925743e-03  1.11813863e-02  1.32274726e-02  1.55177334e-02  1.80609068e-02  2.08644888e-02  2.39349981e-02  2.72781631e-02  3.08989042e-02  3.48009707e-02  3.89861015e-02  4.34526073e-02  4.81933259e-02  5.31929657e-02  5.84249444e-02  6.38479215e-02  6.94023361e-02  7.50073772e-02  8.05589297e-02  8.59291247e-02  9.09681453e-02  9.55088441e-02  9.93744799e-02  1.02389460e-01  1.04392420e-01  1.05250389e-01  1.04872290e-01  1.03219845e-01  1.00314056e-01  9.62360647e-02  9.11220165e-02  8.51525530e-02  7.85384360e-02  7.15043291e-02  6.42728794e-02  5.70509331e-02  5.00191189e-02  4.33253257e-02  3.70819506e-02  3.13663261e-02  2.62234954e-02  2.16704646e-02  1.77011720e-02  1.42915910e-02  1.14045755e-02  8.99421528e-03  7.00959193e-03  5.39789521e-03  4.10691004e-03 
 8.32209252e-04  1.11437863e-03  1.47495070e-03  1.92983967e-03  2.49645667e-03  3.19339238e-03  4.03998128e-03  5.05575889e-03  6.25983545e-03  7.67022301e-03  9.30316406e-03  1.11725189e-02  1.32892722e-02  1.56612159e-02  1.82928519e-02  2.11855342e-02  2.43378363e-02  2.77460849e-02  3.14049563e-02  3.53079880e-02  3.94478290e-02  4.38160468e-02  4.84023285e-02  5.31929657e-02  5.81685957e-02  6.33012720e-02  6.85510600e-02  7.38624846e-02  7.91612868e-02  8.43520669e-02  8.93174737e-02  9.39196067e-02  9.80041912e-02  1.01407826e-01  1.03968184e-01  1.05536498e-01  1.05991112e-01  1.05250389e-01  1.03283112e-01  1.00114638e-01  9.58276404e-02  9.05571011e-02  8.44801745e-02  7.78023473e-02  7.07418528e-02  6.35143868e-02  5.63198825e-02  4.93325256e-02  4.26945150e-02  3.65134531e-02  3.08628019e-02  2.57846070e-02  2.12936545e-02  1.73823266e-02  1.40255915e-02  1.11857446e-02  8.81667375e-03  6.86753450e-03  5.28579797e-03  4.01967681e-03 
 9.96074965e-04  1.33298010e-03  1.76304427e-03  2.30493906e-03  2.97896652e-03  3.80662372e-03  4.81001099e-03  6.01109403e-03  7.43084653e-03  9.08831615e-03  1.09996737e-02  1.31773194e-02  1.56291309e-02  1.83579395e-02  2.13613116e-02  2.46316920e-02  2.81569238e-02  3.19211068e-02  3.59056925e-02  4.00906466e-02  4.44554593e-02  4.89797540e-02  5.36432572e-02  5.84249444e-02  6.33012720e-02  6.82435357e-02  7.32145435e-02  7.81649511e-02  8.30297547e-02  8.77255603e-02  9.21493193e-02  9.61792126e-02  9.96782368e-02  1.02500778e-01  1.04502042e-01  1.05549690e-01  1.05536498e-01  1.04392420e-01  1.02094291e-01  9.86715452e-02  9.42068627e-02  8.88314407e-02  8.27154672e-02  7.60551432e-02  6.90580742e-02  6.19289435e-02  5.48571084e-02  4.80072255e-02  4.15133862e-02  3.54766615e-02  2.99655376e-02  2.50185025e-02  2.06480031e-02  1.68450811e-02  1.35841527e-02  1.08275635e-02  8.52969509e-03  6.64051019e-03  5.10849191e-03  3.88298115e-03 
 1.17668120e-03  1.57375992e-03  2.08015308e-03  2.71752578e-03  3.50930901e-03  4.48013323e-03  5.65506309e-03  7.05864289e-03  8.71378108e-03  1.06405230e-02  1.28547833e-02  1.53671302e-02  1.81817330e-02  2.12955937e-02  2.46981811e-02  2.83715678e-02  3.22911231e-02  3.64267515e-02  4.07445794e-02  4.52088968e-02  4.97840802e-02  5.44361677e-02  5.91337532e-02  6.38479215e-02  6.85510600e-02  7.32145435e-02  7.78054760e-02  8.22828631e-02  8.65937608e-02  9.06700678e-02  9.44266921e-02  9.77617854e-02  1.00559594e-01  1.02696186e-01  1.04047926e-01  1.04502042e-01  1.03968184e-01  1.02389460e-01  9.97513033e-02  9.60867005e-02  9.14767818e-02  8.60465036e-02  7.99559534e-02  7.33885014e-02  6.65374538e-02  5.95929475e-02  5.27305806e-02  4.61027955e-02  3.98334639e-02  3.40155983e-02  2.87117294e-02  2.39562851e-02  1.97592610e-02  1.61105470e-02  1.29844130e-02  1.03438049e-02  8.14423243e-03  6.33713546e-03  4.87267898e-03  3.70197507e-03 
 1.37189224e-03  1.83383947e-03  2.42244536e-03  3.16256369e-03  4.08095038e-03  5.20555543e-03  6.56457050e-03  8.18523983e-03  1.00924642e-02  1.23072525e-02  1.48451032e-02  1.77144285e-02  2.09151594e-02  2.44376946e-02  2.82623574e-02  3.23595152e-02  3.66904632e-02  4.12090966e-02  4.58642811e-02  5.06027042e-02  5.53718671e-02  6.01227917e-02  6.48119949e-02  6.94023361e-02  7.38624846e-02  7.81649511e-02  8.22828631e-02  8.61858953e-02  8.98359611e-02  9.31833990e-02  9.61644316e-02  9.87006118e-02  1.00700796e-01  1.02065885e-01  1.02696186e-01  1.02500778e-01  1.01407826e-01  9.93744799e-02  9.63948429e-02  9.25047010e-02  8.77821132e-02  8.23436272e-02  7.63365871e-02  6.99286178e-02  6.32957490e-02  5.66107231e-02  5.00328153e-02  4.37000829e-02  3.77244580e-02  3.21896367e-02  2.71513748e-02  2.26396088e-02  1.86617757e-02  1.52067623e-02  1.22490302e-02  9.75259190e-03  7.67462970e-03  5.96864035e-03  4.58705314e-03  3.48331166e-03 
 1.57858270e-03  2.10902365e-03  2.78435970e-03  3.63277209e-03  4.68447958e-03  5.97088165e-03  7.52340946e-03  9.37208991e-03  1.15438524e-02  1.40606370e-02  1.69373974e-02  2.01801294e-02  2.37840960e-02  2.77324542e-02  3.19955042e-02  3.65307770e-02  4.12841215e-02  4.61918587e-02  5.11839248e-02  5.61877569e-02  6.11325069e-02  6.59530412e-02  7.05931416e-02  7.50073772e-02  7.91612868e-02  8.30297547e-02  8.65937608e-02  8.98359611e-02  9.27357850e-02  9.52648644e-02  9.73836351e-02  9.90398560e-02  1.00169579e-01  1.00700796e-01  1.00559594e-01  9.96782368e-02  9.80041912e-02  9.55088441e-02  9.21945829e-02  8.80990563e-02  8.32958362e-02  7.78912654e-02  7.20178888e-02  6.58254006e-02  5.94703687e-02  5.31060698e-02  4.68735945e-02  4.08950286e-02  3.52690928e-02  3.00692218e-02  2.53437670e-02  2.11178311e-02  1.73961980e-02  1.41668581e-02  1.14047257e-02  9.07525007e-03  7.13772392e-03  5.54817235e-03  4.26176533e-03  3.23473789e-03 
 1.79265268e-03  2.39382340e-03  3.15863737e-03  4.11867057e-03  5.30766864e-03  6.76053814e-03  8.51199672e-03  1.05948843e-02  1.30381631e-02  1.58646686e-02  1.90887124e-02  2.27136883e-02  2.67298839e-02  3.11127491e-02  3.58219074e-02  4.08011947e-02  4.59799571e-02  5.12757273e-02  5.65982185e-02  6.18543592e-02  6.69538661e-02  7.18146829e-02  7.63675373e-02  8.05589297e-02  8.43520669e-02  8.77255603e-02  9.06700678e-02  9.31833990e-02  9.52648644e-02  9.69097877e-02  9.81051011e-02  9.88268087e-02  9.90398560e-02  9.87006118e-02  9.77617854e-02  9.61792126e-02  9.39196067e-02  9.09681453e-02  8.73347122e-02  8.30577623e-02  7.82051298e-02  7.28715801e-02  6.71734324e-02  6.12410295e-02  5.52101112e-02  4.92132207e-02  4.33721280e-02  3.77919715e-02  3.25574631e-02  2.77311689e-02  2.33536193e-02  1.94448494e-02  1.60069216e-02  1.30270036e-02  1.04806497e-02  8.33501756e-03  6.55183647e-03  5.09001466e-03  3.90782362e-03  2.96463903e-03 
 2.00911331e-03  2.68157197e-03  3.53647797e-03  4.60878406e-03  5.93573810e-03  7.55572350e-03  9.50671020e-03  1.18243137e-02  1.45394879e-02  1.76759131e-02  2.12471885e-02  2.52539980e-02  2.96814823e-02  3.44971215e-02  3.96494808e-02  4.50681818e-02  5.06654138e-02  5.63391613e-02  6.19781109e-02  6.74679267e-02  7.26982966e-02  7.75699268e-02  8.20005560e-02  8.59291247e-02  8.93174737e-02  9.21493193e-02  9.44266921e-02  9.61644316e-02  9.73836351e-02  9.81051011e-02  9.83437843e-02  9.81051011e-02  9.73836351e-02  9.61644316e-02  9.44266921e-02  9.21493193e-02  8.93174737e-02  8.59291247e-02  8.20005560e-02  7.75699268e-02  7.26982966e-02  6.74679267e-02  6.19781109e-02  5.63391613e-02  5.06654138e-02  4.50681818e-02  3.96494808e-02  3.44971215e-02  2.96814823e-02  2.52539980e-02  2.12471885e-02  1.76759131e-02  1.45394879e-02  1.18243137e-02  9.50671020e-03  7.55572350e-03  5.93573810e-03  4.60878406e-03  3.53647797e-03  2.68157197e-03 
 2.22224594e-03  2.96463903e-03  3.90782362e-03  5.09001466e-03  6.55183647e-03  8.33501756e-03  1.04806497e-02  1.30270036e-02  1.60069216e-02  1.94448494e-02  2.33536193e-02  2.77311689e-02  3.25574631e-02  3.77919715e-02  4.33721280e-02  4.92132207e-02  5.52101112e-02  6.12410295e-02  6.71734324e-02  7.28715801e-02  7.82051298e-02  8.30577623e-02  8.73347122e-02  9.09681453e-02  9.39196067e-02  9.61792126e-02  9.77617854e-02  9.87006118e-02  9.90398560e-02  9.88268087e-02  9.81051011e-02  9.69097877e-02  9.52648644e-02  9.31833990e-02  9.06700678e-02  8.77255603e-02  8.43520669e-02  8.05589297e-02  7.63675373e-02  7.18146829e-02  6.69538661e-02  6.18543592e-02  5.65982185e-02  5.12757273e-02  4.59799571e-02  4.08011947e-02  3.58219074e-02  3.11127491e-02  2.67298839e-02  2.27136883e-02  1.90887124e-02  1.58646686e-02  1.30381631e-02  1.05948843e-02  8.51199672e-03  6.76053814e-03  5.30766864e-03  4.11867057e-03  3.15863737e-03  2.39382340e-03 
 2.42583135e-03  3.23473789e-03  4.26176533e-03  5.54817235e-03  7.13772392e-03  9.07525007e-03  1.14047257e-02  1.41668581e-02  1.73961980e-02  2.11178311e-02  2.53437670e-02  3.00692218e-02  3.52690928e-02  4.08950286e-02  4.68735945e-02  5.31060698e-02  5.94703687e-02  6.58254006e-02  7.20178888e-02  7.78912654e-02  8.32958362e-02  8.80990563e-02  9.21945829e-02  9.55088441e-02  9.80041912e-02  9.96782368e-02  1.00559594e-01  1.00700796e-01  1.00169579e-01  9.90398560e-02  9.73836351e-02  9.52648644e-02  9.27357850e-02  8.98359611e-02  8.65937608e-02  8.30297547e-02  7.91612868e-02  7.50073772e-02  7.05931416e-02  6.59530412e-02  6.11325069e-02  5.61877569e-02  5.11839248e-02  4.61918587e-02  4.12841215e-02  3.65307770e-02  3.19955042e-02  2.77324542e-02  2.37840960e-02  2.01801294e-02  1.69373974e-02  1.40606370e-02  1.15438524e-02  9.37208991e-03  7.52340946e-03  5.97088165e-03  4.68447958e-03  3.63277209e-03  2.78435970e-03  2.10902365e-03 
 2.61343856e-03  3.48331166e-03  4.58705314e-03  5.96864035e-03  7.67462970e-03  9.75259190e-03  1.22490302e-02  1.52067623e-02  1.86617757e-02  2.26396088e-02  2.71513748e-02  3.21896367e-02  3.77244580e-02  4.37000829e-02  5.00328153e-02  5.66107231e-02  6.32957490e-02  6.99286178e-02  7.63365871e-02  8.23436272e-02  8.77821132e-02  9.25047010e-02  9.63948429e-02  9.93744799e-02  1.01407826e-01  1.02500778e-01  1.02696186e-01  1.02065885e-01  1.00700796e-01  9.87006118e-02  9.61644316e-02  9.31833990e-02  8.98359611e-02  8.61858953e-02  8.22828631e-02  7.81649511e-02  7.38624846e-02  6.94023361e-02  6.48119949e-02  6.01227917e-02  5.53718671e-02  5.06027042e-02  4.58642811e-02  4.12090966e-02  3.66904632e-02  3.23595152e-02  2.82623574e-02  2.44376946e-02  2.09151594e-02  1.77144285e-02  1.48451032e-02  1.23072525e-02  1.00924642e-02  8.18523983e-03  6.56457050e-03  5.20555543e-03  4.08095038e-03  3.16256369e-03  2.42244536e-03  1.83383947e-03 
 2.77875577e-03  3.70197507e-03  4.87267898e-03  6.33713546e-03  8.14423243e-03  1.03438049e-02  1.29844130e-02  1.61105470e-02  1.97592610e-02  2.39562851e-02  2.87117294e-02  3.40155983e-02  3.98334639e-02  4.61027955e-02  5.27305806e-02  5.95929475e-02  6.65374538e-02  7.33885014e-02  7.99559534e-02  8.60465036e-02  9.14767818e-02  9.60867005e-02  9.97513033e-02  1.02389460e-01  1.03968184e-01  1.04502042e-01  1.04047926e-01  1.02696186e-01  1.00559594e-01  9.77617854e-02  9.44266921e-02  9.06700678e-02  8.65937608e-02  8.22828631e-02  7.78054760e-02  7.32145435e-02  6.85510600e-02  6.38479215e-02  5.91337532e-02  5.44361677e-02  4.97840802e-02  4.52088968e-02  4.07445794e-02  3.64267515e-02  3.22911231e-02  2.83715678e-02  2.46981811e-02  2.12955937e-02  1.81817330e-02  1.53671302e-02  1.28547833e-02  1.06405230e-02  8.71378108e-03  7.05864289e-03  5.65506309e-03  4.48013323e-03  3.50930901e-03  2.71752578e-03  2.08015308e-03  1.57375992e-03 
 2.91594040e-03  3.88298115e-03  5.10849191e-03  6.64051019e-03  8.52969509e-03  1.08275635e-02  1.35841527e-02  1.68450811e-02  2.06480031e-02  2.50185025e-02  2.99655376e-02  3.54766615e-02  4.15133862e-02  4.80072255e-02  5.48571084e-02  6.19289435e-02  6.90580742e-02  7.60551432e-02  8.27154672e-02  8.88314407e-02  9.42068627e-02  9.86715452e-02  1.02094291e-01  1.04392420e-01  1.05536498e-01  1.05549690e-01  1.04502042e-01  1.02500778e-01  9.96782368e-02  9.61792126e-02  9.21493193e-02  8.77255603e-02  8.30297547e-02  7.81649511e-02  7.32145435e-02  6.82435357e-02  6.33012720e-02  5.84249444e-02  5.36432572e-02  4.89797540e-02  4.44554593e-02  4.00906466e-02  3.59056925e-02  3.19211068e-02  2.81569238e-02  2.46316920e-02  2.13613116e-02  1.83579395e-02  1.56291309e-02  1.31773194e-02  1.09996737e-02  9.08831615e-03  7.43084653e-03  6.01109403e-03  4.81001099e-03  3.80662372e-03  2.97896652e-03  2.30493906e-03  1.76304427e-03  1.33298010e-03 
 3.01996142e-03  4.01967681e-03  5.28579797e-03  6.86753450e-03  8.81667375e-03  1.11857446e-02  1.40255915e-02  1.73823266e-02  2.12936545e-02  2.57846070e-02  3.08628019e-02  3.65134531e-02  4.26945150e-02  4.93325256e-02  5.63198825e-02  6.35143868e-02  7.07418528e-02  7.78023473e-02  8.44801745e-02  9.05571011e-02  9.58276404e-02  1.00114638e-01  1.03283112e-01  1.05250389e-01  1.05991112e-01  1.05536498e-01  1.03968184e-01  1.01407826e-01  9.80041912e-02  9.39196067e-02  8.93174737e-02  8.43520669e-02  7.91612868e-02  7.38624846e-02  6.85510600e-02  6.33012720e-02  5.81685957e-02  5.31929657e-02  4.84023285e-02  4.38160468e-02  3.94478290e-02  3.53079880e-02  3.14049563e-02  2.77460849e-02  2.43378363e-02  2.11855342e-02  1.82928519e-02  1.56612159e-02  1.32892722e-02  1.11725189e-02  9.30316406e-03  7.67022301e-03  6.25983545e-03  5.05575889e-03  4.03998128e-03  3.19339238e-03  2.49645667e-03  1.92983967e-03  1.47495070e-03  1.11437863e-03 
 3.08690597e-03  4.10691004e-03  5.39789521e-03  7.00959193e-03  8.99421528e-03  1.14045755e-02  1.42915910e-02  1.77011720e-02  2.16704646e-02  2.62234954e-02  3.13663261e-02  3.70819506e-02  4.33253257e-02  5.00191189e-02  5.70509331e-02  6.42728794e-02  7.15043291e-02  7.85384360e-02  8.51525530e-02  9.11220165e-02  9.62360647e-02  1.00314056e-01  1.03219845e-01  1.04872290e-01  1.05250389e-01  1.04392420e-01  1.02389460e-01  9.93744799e-02  9.55088441e-02  9.09681453e-02  8.59291247e-02  8.05589297e-02  7.50073772e-02  6.94023361e-02  6.38479215e-02  5.84249444e-02  5.31929657e-02  4.81933259e-02  4.34526073e-02  3.89861015e-02  3.48009707e-02  3.08989042e-02  2.72781631e-02  2.39349981e-02  2.08644888e-02  1.80609068e-02  1.55177334e-02  1.32274726e-02  1.11813863e-02  9.36925743e-03  7.77925236e-03  6.39792139e-03  5.21034442e-03  4.20040652e-03  3.35117128e-03  2.64531161e-03  2.06555642e-03  1.59511530e-03  1.21805085e-03  9.19577653e-04 
 3.11422416e-03  4.14135356e-03  5.44049726e-03  7.06122878e-03  9.05546314e-03  1.14755338e-02  1.43716737e-02  1.77888686e-02  2.17630763e-02  2.63168497e-02  3.14544760e-02  3.71568655e-02  4.33765847e-02  5.00336235e-02  5.70126656e-02  6.41627437e-02  7.13001198e-02  7.82149888e-02  8.46821238e-02  9.04749254e-02  9.53816119e-02  9.92216854e-02  1.01860496e-01  1.03219845e-01  1.03283112e-01  1.02094291e-01  9.97513033e-02  9.63948429e-02  9.21945829e-02  8.73347122e-02  8.20005560e-02  7.63675373e-02  7.05931416e-02  6.48119949e-02  5.91337532e-02  5.36432572e-02  4.84023285e-02  4.34526073e-02  3.88189223e-02  3.45127883e-02  3.05357354e-02  2.68822620e-02  2.35422864e-02  2.05030405e-02  1.77504102e-02  1.52697780e-02  1.30464577e-02  1.10658309e-02  9.31329996e-03  7.77415767e-03  6.43345695e-03  5.27593433e-03  4.28601729e-03  3.44792110e-03  2.74582356e-03  2.16409447e-03  1.68755160e-03  1.30171474e-03  9.93033195e-04  7.49068777e-04 
 3.10089050e-03  4.12171626e-03  5.41200746e-03  7.02050605e-03  8.99810565e-03  1.13959149e-02  1.42627347e-02  1.76419217e-02  2.15676356e-02  2.60605114e-02  3.11228720e-02  3.67337141e-02  4.28438616e-02  4.93718687e-02  5.62014335e-02  6.31811876e-02  7.01276886e-02  7.68321947e-02  8.30713267e-02  8.86210727e-02  9.32728761e-02  9.68499530e-02  9.92216854e-02  1.00314056e-01  1.00114638e-01  9.86715452e-02  9.60867005e-02  9.25047010e-02  8.80990563e-02  8.30577623e-02  7.75699268e-02  7.18146829e-02  6.59530412e-02  6.01227917e-02  5.44361677e-02  4.89797540e-02  4.38160468e-02  3.89861015e-02  3.45127883e-02  3.04042774e-02  2.66574624e-02  2.32611143e-02  2.01986205e-02  1.74502240e-02  1.49947342e-02  1.28107266e-02  1.08772920e-02  9.17442117e-03  7.68312503e-03  6.38538979e-03  5.26405323e-03  4.30266995e-03  3.48540989e-03  2.79701296e-03  2.22280407e-03  1.74875929e-03  1.36160615e-03  1.04893770e-03  7.99321154e-04  6.02385412e-04 
 3.04746740e-03  4.04882336e-03  5.31361831e-03  6.88912123e-03  8.82452329e-03  1.11690077e-02  1.39692516e-02  1.72663381e-02  2.10920837e-02  2.54648263e-02  3.03847957e-02  3.58292968e-02  4.17480930e-02  4.80595535e-02  5.46482983e-02  6.13651689e-02  6.80303091e-02  7.44398991e-02  8.03766250e-02  8.56233385e-02  8.99786812e-02  9.32728761e-02  9.53816119e-02  9.62360647e-02  9.58276404e-02  9.42068627e-02  9.14767818e-02  8.77821132e-02  8.32958362e-02  7.82051298e-02  7.26982966e-02  6.69538661e-02  6.11325069e-02  5.53718671e-02  4.97840802e-02  4.44554593e-02  3.94478290e-02  3.48009707e-02  3.05357354e-02  2.66574624e-02  2.31594271e-02  2.00261016e-02  1.72360728e-02  1.47645098e-02  1.25851271e-02  1.06716343e-02  8.99870894e-03  7.54256090e-03  6.28117609e-03  5.19433560e-03  4.26349897e-03  3.47162644e-03  2.80299556e-03  2.24304703e-03  1.77827607e-03  1.39617109e-03  1.08519150e-03  8.34771246e-04  6.35333234e-04  4.78301486e-04 
