VASP file: Electron density in real space (e/Bohr^3)  PySCF Version: 2.4.0  Date: Tue Dec  5 23:48:59 2023
1.0000000000
    4.42791326     0.00000000     0.00000000 
    0.00000000     4.42791326     0.00000000 
    0.00000000     0.00000000     4.42791326 
    C    H
    1    4
Cartesian 
     2.21395663     2.21395663     2.21395663
     2.84038163     1.58753163     1.58753163
     2.84038163     2.84038163     2.84038163
     1.58753163     2.84038163     1.58753163
     1.58753163     1.58753163     2.84038163

    60     60     60 

 4.86366143e-07  7.03624590e-07  1.01766391e-06  1.47170807e-06  2.12769689e-06  3.07356127e-06  4.43270989e-06  6.37606466e-06  9.13686839e-06  1.30282805e-05  1.84634527e-05  2.59773278e-05  3.62488291e-05  5.01214402e-05  6.86194555e-05  9.29565065e-05  1.24532444e-04  1.64914422e-04  2.15798210e-04  2.78946538e-04  3.56102633e-04  4.48879210e-04  5.58625774e-04  6.86280175e-04  8.32213477e-04  9.96080100e-04  1.17668735e-03  1.37189950e-03  1.57859116e-03  1.79266240e-03  2.00912433e-03  2.22225825e-03  2.42584492e-03  2.61345331e-03  2.77877159e-03  2.91595714e-03  3.01997889e-03  3.08692395e-03  3.11424244e-03  3.10090881e-03  3.04748551e-03  2.95608320e-03  2.83022154e-03  2.67460354e-03  2.49482361e-03  2.29703492e-03  2.08760333e-03  1.87277495e-03  1.65838050e-03  1.44959465e-03  1.25076196e-03  1.06529379e-03  8.95634590e-04  7.43290114e-04  6.08906393e-04  4.92385760e-04  3.93025633e-04  3.09666381e-04  2.40836421e-04  1.84885219e-04 
 7.03624590e-07  1.01232236e-06  1.45554273e-06  2.09214694e-06  3.00613442e-06  4.31635317e-06  6.18915751e-06  8.85446153e-06  1.26254841e-05  1.79222011e-05  2.52980871e-05  3.54691228e-05  4.93432793e-05  6.80477880e-05  9.29505530e-05  1.25671160e-04  1.68076246e-04  2.22253696e-04  2.90460396e-04  3.75039332e-04  4.78303666e-04  6.02388224e-04  7.49072350e-04  9.19582126e-04  1.11438415e-03  1.33298682e-03  1.57376798e-03  1.83384899e-03  2.10903474e-03  2.39383616e-03  2.68158643e-03  2.96465520e-03  3.23475572e-03  3.48333104e-03  3.70199587e-03  3.88300317e-03  4.01969980e-03  4.10693371e-03  4.14137761e-03  4.12174038e-03  4.04884721e-03  3.92558138e-03  3.75669339e-03  3.54849530e-03  3.30846809e-03  3.04481636e-03  2.76600733e-03  2.48032979e-03  2.19550395e-03  1.91836566e-03  1.65463969e-03  1.40880765e-03  1.18406741e-03  9.82374058e-04  8.04547152e-04  6.50426215e-04  5.19055415e-04  4.08879591e-04  3.17936050e-04  2.44030002e-04 
 1.01766391e-06  1.45554273e-06  2.07956592e-06  2.96923313e-06  4.23742624e-06  6.04320265e-06  8.60846490e-06  1.22390954e-05  1.73509427e-05  2.45006750e-05  3.44209378e-05  4.80584568e-05  6.66127046e-05  9.15715664e-05  1.24739179e-04  1.68249936e-04  2.24561754e-04  2.96421316e-04  3.86794408e-04  4.98755848e-04  6.35336029e-04  7.99324762e-04  9.93037786e-04  1.21805661e-03  1.47495781e-03  1.76305293e-03  2.08016348e-03  2.42245766e-03  2.78437404e-03  3.15865387e-03  3.53649670e-03  3.90784456e-03  4.26178844e-03  4.58707829e-03  4.87270598e-03  5.10852049e-03  5.28582782e-03  5.39792596e-03  5.44052851e-03  5.41203880e-03  5.31364931e-03  5.14925766e-03  4.92520726e-03  4.64987733e-03  4.33315984e-03  3.98586953e-03  3.61913638e-03  3.24382738e-03  2.87003799e-03  2.50668352e-03  2.16120844e-03  1.83942025e-03  1.54544272e-03  1.28177483e-03  1.04943522e-03  8.48168123e-04  6.76686292e-04  5.32927582e-04  4.14305200e-04  3.17936050e-04 
 1.47170807e-06  2.09214694e-06  2.96923313e-06  4.20953462e-06  5.96345406e-06  8.44186241e-06  1.19377617e-05  1.68537414e-05  2.37357264e-05  3.33130310e-05  4.65439748e-05  6.46652730e-05  8.92420813e-05  1.22214028e-04  1.65930926e-04  2.23170324e-04  2.97127916e-04  3.91371339e-04  5.09748472e-04  6.56243180e-04  8.34774775e-04  1.04894226e-03  1.30172055e-03  1.59512260e-03  1.92984869e-03  2.30495007e-03  2.71753901e-03  3.16257936e-03  3.63279038e-03  4.11869163e-03  4.60880797e-03  5.09004143e-03  5.54820190e-03  5.96867253e-03  6.33717002e-03  6.64054680e-03  6.86757275e-03  7.00963136e-03  7.06126887e-03  7.02054625e-03  6.88916102e-03  6.67232760e-03  6.37842827e-03  6.01846798e-03  5.60538396e-03  5.15327168e-03  4.67659245e-03  4.18942398e-03  3.70480579e-03  3.23421761e-03  2.78721289e-03  2.37121393e-03  1.99146116e-03  1.65109736e-03  1.35136036e-03  1.09185296e-03  8.70858694e-04  6.85673403e-04  5.32927582e-04  4.08879591e-04 
 2.12769689e-06  3.00613442e-06  4.23742624e-06  5.96345406e-06  8.38302592e-06  1.17732124e-05  1.65171177e-05  2.31390645e-05  3.23478306e-05  4.50879445e-05  6.25980753e-05  8.64741985e-05  1.18733503e-04  1.61873010e-04  2.18914769e-04  2.93427532e-04  3.89513363e-04  5.11747055e-04  6.65057010e-04  8.54538673e-04  1.08519589e-03  1.36161183e-03  1.68755886e-03  2.06556554e-03  2.49646797e-03  2.97898031e-03  3.50932560e-03  4.08097005e-03  4.68450258e-03  5.30769515e-03  5.93576822e-03  6.55187022e-03  7.13776121e-03  7.67467033e-03  8.14427610e-03  8.52974137e-03  8.81672214e-03  8.99426517e-03  9.05551389e-03  8.99815656e-03  8.82457367e-03  8.54167026e-03  8.16040995e-03  7.69509617e-03  7.16246874e-03  6.58069768e-03  5.96835995e-03  5.34347876e-03  4.72269136e-03  4.12059264e-03  3.54928063e-03  3.01810993e-03  2.53364110e-03  2.09976032e-03  1.71793414e-03  1.38755976e-03  1.10637040e-03  8.70858694e-04  6.76686292e-04  5.19055415e-04 
 3.07356127e-06  4.31635317e-06  6.04320265e-06  8.44186241e-06  1.17732124e-05  1.63982504e-05  2.28131981e-05  3.16939620e-05  4.39507539e-05  6.07928754e-05  8.38024283e-05  1.15013992e-04  1.56995123e-04  2.12919988e-04  2.86625789e-04  3.82639135e-04  5.06157727e-04  6.62972027e-04  8.59312631e-04  1.10161222e-03  1.39617646e-03  1.74876626e-03  2.16410338e-03  2.64532284e-03  3.19340631e-03  3.80664075e-03  4.48015375e-03  5.20557980e-03  5.97091017e-03  6.76057104e-03  7.55576093e-03  8.33505954e-03  9.07529650e-03  9.75264253e-03  1.03438593e-02  1.08276212e-02  1.11858050e-02  1.14046378e-02  1.14755972e-02  1.13959786e-02  1.11690707e-02  1.08039249e-02  1.03147379e-02  9.71991161e-03  9.04088103e-03  8.30081722e-03  7.52331875e-03  6.73119333e-03  5.94541263e-03  5.18429808e-03  4.46296714e-03  3.79304424e-03  3.18261784e-03  2.63640889e-03  2.15610505e-03  1.74081034e-03  1.38755976e-03  1.09185296e-03  8.48168123e-04  6.50426215e-04 
 4.43270989e-06  6.18915751e-06  8.60846490e-06  1.19377617e-05  1.65171177e-05  2.28131981e-05  3.14630027e-05  4.33292365e-05  5.95683175e-05  8.17110249e-05  1.11754229e-04  1.52259981e-04  2.06455495e-04  2.78324371e-04  3.72676056e-04  4.95177476e-04  6.52328493e-04  8.51362103e-04  1.10005162e-03  1.40641112e-03  1.77828255e-03  2.22281249e-03  2.74583435e-03  3.35118490e-03  4.03999821e-03  4.81003171e-03  5.65508810e-03  6.56460024e-03  7.52344432e-03  8.51203700e-03  9.50675607e-03  1.04807013e-02  1.14047827e-02  1.22490924e-02  1.29844800e-02  1.35842239e-02  1.40256659e-02  1.42916679e-02  1.43717520e-02  1.42628132e-02  1.39693293e-02  1.35030448e-02  1.28821619e-02  1.21301203e-02  1.12740869e-02  1.03432993e-02  9.36740741e-03  8.37494384e-03  7.39202774e-03  6.44136919e-03  5.54160743e-03  4.70698205e-03  3.94730969e-03  3.26821912e-03  2.67158618e-03  2.15610505e-03  1.71793414e-03  1.35136036e-03  1.04943522e-03  8.04547152e-04 
 6.37606466e-06  8.85446153e-06  1.22390954e-05  1.68537414e-05  2.31390645e-05  3.16939620e-05  4.33292365e-05  5.91355135e-05  8.05666463e-05  1.09538615e-04  1.48541995e-04  2.00763398e-04  2.70207859e-04  3.61810244e-04  4.81519578e-04  6.36336423e-04  8.34280693e-04  1.08426640e-03  1.39586162e-03  1.77891695e-03  2.24305472e-03  2.79702298e-03  3.44793396e-03  4.20042278e-03  5.05577914e-03  6.01111888e-03  7.05867292e-03  8.18527560e-03  9.37213191e-03  1.05949329e-02  1.18243692e-02  1.30270659e-02  1.41669272e-02  1.52068378e-02  1.61106283e-02  1.68451676e-02  1.73824172e-02  1.77012655e-02  1.77889639e-02  1.76420174e-02  1.72664329e-02  1.66772951e-02  1.58977134e-02  1.49572502e-02  1.38899913e-02  1.27324463e-02  1.15214649e-02  1.02923385e-02  9.07721011e-03  7.90387600e-03  6.79501024e-03  5.76780446e-03  4.83398162e-03  4.00012096e-03  3.26821912e-03  2.63640889e-03  2.09976032e-03  1.65109736e-03  1.28177483e-03  9.82374058e-04 
 9.13686839e-06  1.26254841e-05  1.73509427e-05  2.37357264e-05  3.23478306e-05  4.39507539e-05  5.95683175e-05  8.05666463e-05  1.08754839e-04  1.46504350e-04  1.96884758e-04  2.63810325e-04  3.52187590e-04  4.68049419e-04  6.18655921e-04  8.12537997e-04  1.05945602e-03  1.37024514e-03  1.75652093e-03  2.23022547e-03  2.80300455e-03  3.48542162e-03  4.28603238e-03  5.21036354e-03  6.25985931e-03  7.43087587e-03  8.71381662e-03  1.00925066e-02  1.15439023e-02  1.30382209e-02  1.45395540e-02  1.60069960e-02  1.73962806e-02  1.86618661e-02  1.97593585e-02  2.06481068e-02  2.12937633e-02  2.16705769e-02  2.17631908e-02  2.15677507e-02  2.10921977e-02  2.03557069e-02  1.93873286e-02  1.82239804e-02  1.69080005e-02  1.54845074e-02  1.39988077e-02  1.24940607e-02  1.10093538e-02  9.57828044e-03  8.22805193e-03  6.97912036e-03  5.84525404e-03  4.83398162e-03  3.94730969e-03  3.18261784e-03  2.53364110e-03  1.99146116e-03  1.54544272e-03  1.18406741e-03 
 1.30282805e-05  1.79222011e-05  2.45006750e-05  3.33130310e-05  4.50879445e-05  6.07928754e-05  8.17110249e-05  1.09538615e-04  1.46504350e-04  1.95511131e-04  2.60297276e-04  3.45610565e-04  4.57383431e-04  6.02891820e-04  7.90874168e-04  1.03158144e-03  1.33672525e-03  1.71928994e-03  2.19317737e-03  2.77266074e-03  3.47163679e-03  4.30268348e-03  5.27595177e-03  6.39794353e-03  7.67025070e-03  9.08835028e-03  1.06405645e-02  1.23073020e-02  1.40606954e-02  1.58647364e-02  1.76759907e-02  1.94449370e-02  2.11179285e-02  2.26397155e-02  2.39564004e-02  2.50186252e-02  2.57847359e-02  2.62236287e-02  2.63169856e-02  2.60606481e-02  2.54649618e-02  2.45540432e-02  2.33640441e-02  2.19406065e-02  2.03357859e-02  1.86047602e-02  1.68026330e-02  1.49815903e-02  1.31885994e-02  1.14637479e-02  9.83924999e-03  8.33907560e-03  6.97912036e-03  5.76780446e-03  4.70698205e-03  3.79304424e-03  3.01810993e-03  2.37121393e-03  1.83942025e-03  1.40880765e-03 
 1.84634527e-05  2.52980871e-05  3.44209378e-05  4.65439748e-05  6.25980753e-05  8.38024283e-05  1.11754229e-04  1.48541995e-04  1.96884758e-04  2.60297276e-04  3.43278138e-04  4.51512932e-04  5.92078753e-04  7.73629446e-04  1.00653375e-03  1.30293204e-03  1.67667262e-03  2.14308747e-03  2.71857058e-03  3.41993135e-03  4.26351069e-03  5.26406858e-03  6.43347678e-03  7.77927758e-03  9.30319569e-03  1.09997127e-02  1.28548309e-02  1.48451602e-02  1.69374648e-02  1.90887908e-02  2.12472785e-02  2.33537210e-02  2.53438802e-02  2.71514991e-02  2.87118639e-02  2.99656810e-02  3.08629526e-02  3.13664822e-02  3.14546353e-02  3.11230322e-02  3.03849546e-02  2.92704013e-02  2.78238929e-02  2.61012760e-02  2.41658889e-02  2.20844963e-02  1.99233831e-02  1.77449319e-02  1.56049027e-02  1.35505261e-02  1.16194182e-02  9.83924999e-03  8.22805193e-03  6.79501024e-03  5.54160743e-03  4.46296714e-03  3.54928063e-03  2.78721289e-03  2.16120844e-03  1.65463969e-03 
 2.59773278e-05  3.54691228e-05  4.80584568e-05  6.46652730e-05  8.64741985e-05  1.15013992e-04  1.52259981e-04  2.00763398e-04  2.63810325e-04  3.45610565e-04  4.51512932e-04  5.88238072e-04  7.64112970e-04  9.89283289e-04  1.27587124e-03  1.63803902e-03  2.09191257e-03  2.65531880e-03  3.34729381e-03  4.18733006e-03  5.19434868e-03  6.38540693e-03  7.77417985e-03  9.36928572e-03  1.11725544e-02  1.31773634e-02  1.53671840e-02  1.77144931e-02  2.01802059e-02  2.27137777e-02  2.52541007e-02  2.77312853e-02  3.00693517e-02  3.21897795e-02  3.40157531e-02  3.54768268e-02  3.65136270e-02  3.70821309e-02  3.71570497e-02  3.67338995e-02  3.58294808e-02  3.44806810e-02  3.27417269e-02  3.06802143e-02  2.83723764e-02  2.58981112e-02  2.33362587e-02  2.07605239e-02  1.82363034e-02  1.58185307e-02  1.35505261e-02  1.14637479e-02  9.57828044e-03  7.90387600e-03  6.44136919e-03  5.18429808e-03  4.12059264e-03  3.23421761e-03  2.50668352e-03  1.91836566e-03 
 3.62488291e-05  4.93432793e-05  6.66127046e-05  8.92420813e-05  1.18733503e-04  1.56995123e-04  2.06455495e-04  2.70207859e-04  3.52187590e-04  4.57383431e-04  5.92078753e-04  7.64112970e-04  9.83145281e-04  1.26089364e-03  1.61131212e-03  2.05066103e-03  2.59741787e-03  3.27197564e-03  4.09607969e-03  5.09196680e-03  6.28119048e-03  7.68314389e-03  9.31332439e-03  1.11814176e-02  1.32893115e-02  1.56291798e-02  1.81817929e-02  2.09152316e-02  2.37841817e-02  2.67299842e-02  2.96815979e-02  3.25575943e-02  3.52692396e-02  3.77246198e-02  3.98336396e-02  4.15135742e-02  4.26947130e-02  4.33255313e-02  4.33767949e-02  4.28440733e-02  4.17483033e-02  4.01342917e-02  3.80673213e-02  3.56282734e-02  3.29078543e-02  3.00005804e-02  2.69991314e-02  2.39895496e-02  2.10475855e-02  1.82363034e-02  1.56049027e-02  1.31885994e-02  1.10093538e-02  9.07721011e-03  7.39202774e-03  5.94541263e-03  4.72269136e-03  3.70480579e-03  2.87003799e-03  2.19550395e-03 
 5.01214402e-05  6.80477880e-05  9.15715664e-05  1.22214028e-04  1.61873010e-04  2.12919988e-04  2.78324371e-04  3.61810244e-04  4.68049419e-04  6.02891820e-04  7.73629446e-04  9.89283289e-04  1.26089364e-03  1.60178367e-03  2.02775516e-03  2.55716507e-03  3.21082444e-03  4.01165946e-03  4.98407937e-03  6.15301030e-03  7.54257653e-03  9.17444162e-03  1.10658575e-02  1.32275066e-02  1.56612588e-02  1.83579929e-02  2.12956592e-02  2.44377738e-02  2.77325486e-02  3.11128599e-02  3.44972496e-02  3.77921173e-02  4.08951922e-02  4.37002637e-02  4.61029921e-02  4.80074362e-02  4.93327480e-02  5.00193501e-02  5.00338601e-02  4.93721074e-02  4.80597905e-02  4.61506362e-02  4.37222613e-02  4.08702599e-02  3.77012479e-02  3.43256772e-02  3.08511651e-02  2.73769121e-02  2.39895496e-02  2.07605239e-02  1.77449319e-02  1.49815903e-02  1.24940607e-02  1.02923385e-02  8.37494384e-03  6.73119333e-03  5.34347876e-03  4.18942398e-03  3.24382738e-03  2.48032979e-03 
 6.86194555e-05  9.29505530e-05  1.24739179e-04  1.65930926e-04  2.18914769e-04  2.86625789e-04  3.72676056e-04  4.81519578e-04  6.18655921e-04  7.90874168e-04  1.00653375e-03  1.27587124e-03  1.61131212e-03  2.02775516e-03  2.54278417e-03  3.17675065e-03  3.95266282e-03  4.89581373e-03  6.03308717e-03  7.39189512e-03  8.99872572e-03  1.08773139e-02  1.30464861e-02  1.55177697e-02  1.82928978e-02  2.13613689e-02  2.46982517e-02  2.82624431e-02  3.19956067e-02  3.58220280e-02  3.96496206e-02  4.33722877e-02  4.68737741e-02  5.00330142e-02  5.27307976e-02  5.48573413e-02  5.63201288e-02  5.70511895e-02  5.70129284e-02  5.62016987e-02  5.46485619e-02  5.24170584e-02  4.95982403e-02  4.63036070e-02  4.26568443e-02  3.87853582e-02  3.48125008e-02  3.08511651e-02  2.69991314e-02  2.33362587e-02  1.99233831e-02  1.68026330e-02  1.39988077e-02  1.15214649e-02  9.36740741e-03  7.52331875e-03  5.96835995e-03  4.67659245e-03  3.61913638e-03  2.76600733e-03 
 9.29565065e-05  1.25671160e-04  1.68249936e-04  2.23170324e-04  2.93427532e-04  3.82639135e-04  4.95177476e-04  6.36336423e-04  8.12537997e-04  1.03158144e-03  1.30293204e-03  1.63803902e-03  2.05066103e-03  2.55716507e-03  3.17675065e-03  3.93153833e-03  4.84645227e-03  5.94882337e-03  7.26764535e-03  8.83243217e-03  1.06716521e-02  1.28107498e-02  1.52698079e-02  1.80609450e-02  2.11855827e-02  2.46317526e-02  2.83716427e-02  3.23596063e-02  3.65308863e-02  4.08013239e-02  4.50683321e-02  4.92133929e-02  5.31062640e-02  5.66109388e-02  5.95931834e-02  6.19291973e-02  6.35146556e-02  6.42731597e-02  6.41630314e-02  6.31814782e-02  6.13654580e-02  5.87890260e-02  5.55574699e-02  5.17990053e-02  4.76551202e-02  4.32707513e-02  3.87853582e-02  3.43256772e-02  3.00005804e-02  2.58981112e-02  2.20844963e-02  1.86047602e-02  1.54845074e-02  1.27324463e-02  1.03432993e-02  8.30081722e-03  6.58069768e-03  5.15327168e-03  3.98586953e-03  3.04481636e-03 
 1.24532444e-04  1.68076246e-04  2.24561754e-04  2.97127916e-04  3.89513363e-04  5.06157727e-04  6.52328493e-04  8.34280693e-04  1.05945602e-03  1.33672525e-03  1.67667262e-03  2.09191257e-03  2.59741787e-03  3.21082444e-03  3.95266282e-03  4.84645227e-03  5.91858236e-03  7.19790309e-03  8.71494956e-03  1.05007441e-02  1.25851461e-02  1.49947586e-02  1.77504414e-02  2.08645286e-02  2.43378866e-02  2.81569869e-02  3.22912012e-02  3.66905586e-02  4.12842364e-02  4.59800933e-02  5.06655728e-02  5.52102939e-02  5.94705755e-02  6.32959794e-02  6.65377063e-02  6.90583465e-02  7.07421418e-02  7.15046310e-02  7.13004302e-02  7.01280025e-02  6.80306216e-02  6.50932711e-02  6.14358421e-02  5.72035452e-02  5.25558184e-02  4.76551202e-02  4.26568443e-02  3.77012479e-02  3.29078543e-02  2.83723764e-02  2.41658889e-02  2.03357859e-02  1.69080005e-02  1.38899913e-02  1.12740869e-02  9.04088103e-03  7.16246874e-03  5.60538396e-03  4.33315984e-03  3.30846809e-03 
 1.64914422e-04  2.22253696e-04  2.96421316e-04  3.91371339e-04  5.11747055e-04  6.62972027e-04  8.51362103e-04  1.08426640e-03  1.37024514e-03  1.71928994e-03  2.14308747e-03  2.65531880e-03  3.27197564e-03  4.01165946e-03  4.89581373e-03  5.94882337e-03  7.19790309e-03  8.67269099e-03  1.04044675e-02  1.24249360e-02  1.47645301e-02  1.74502495e-02  2.05030727e-02  2.39350391e-02  2.77461365e-02  3.19211715e-02  3.64268318e-02  4.12091949e-02  4.61919774e-02  5.12758684e-02  5.63393267e-02  6.12412203e-02  6.58256173e-02  6.99288598e-02  7.33887674e-02  7.60554309e-02  7.78026534e-02  7.85387564e-02  7.82153185e-02  7.68325287e-02  7.44402320e-02  7.11343747e-02  6.70492661e-02  6.23467187e-02  5.72035452e-02  5.17990053e-02  4.63036070e-02  4.08702599e-02  3.56282734e-02  3.06802143e-02  2.61012760e-02  2.19406065e-02  1.82239804e-02  1.49572502e-02  1.21301203e-02  9.71991161e-03  7.69509617e-03  6.01846798e-03  4.64987733e-03  3.54849530e-03 
 2.15798210e-04  2.90460396e-04  3.86794408e-04  5.09748472e-04  6.65057010e-04  8.59312631e-04  1.10005162e-03  1.39586162e-03  1.75652093e-03  2.19317737e-03  2.71857058e-03  3.34729381e-03  4.09607969e-03  4.98407937e-03  6.03308717e-03  7.26764535e-03  8.71494956e-03  1.04044675e-02  1.23671853e-02  1.46344116e-02  1.72360946e-02  2.01986473e-02  2.35423197e-02  2.72782049e-02  3.14050087e-02  3.59057580e-02  4.07446606e-02  4.58643807e-02  5.11840453e-02  5.65983624e-02  6.19782801e-02  6.71736284e-02  7.20181120e-02  7.63368374e-02  7.99562293e-02  8.27157663e-02  8.44804935e-02  8.51528875e-02  8.46824688e-02  8.30716766e-02  8.03769741e-02  7.67048506e-02  7.22031989e-02  6.70492661e-02  6.14358421e-02  5.55574699e-02  4.95982403e-02  4.37222613e-02  3.80673213e-02  3.27417269e-02  2.78238929e-02  2.33640441e-02  1.93873286e-02  1.58977134e-02  1.28821619e-02  1.03147379e-02  8.16040995e-03  6.37842827e-03  4.92520726e-03  3.75669339e-03 
 2.78946538e-04  3.75039332e-04  4.98755848e-04  6.56243180e-04  8.54538673e-04  1.10161222e-03  1.40641112e-03  1.77891695e-03  2.23022547e-03  2.77266074e-03  3.41993135e-03  4.18733006e-03  5.09196680e-03  6.15301030e-03  7.39189512e-03  8.83243217e-03  1.05007441e-02  1.24249360e-02  1.46344116e-02  1.71587552e-02  2.00261255e-02  2.32611427e-02  2.68822964e-02  3.08989467e-02  3.53080407e-02  4.00907120e-02  4.52089777e-02  5.06028036e-02  5.61878774e-02  6.18545034e-02  6.74680969e-02  7.28717778e-02  7.78914916e-02  8.23438815e-02  8.60467849e-02  8.88317465e-02  9.05574281e-02  9.11223602e-02  9.04752805e-02  8.86214335e-02  8.56236989e-02  8.15981899e-02  7.67048506e-02  7.11343747e-02  6.50932711e-02  5.87890260e-02  5.24170584e-02  4.61506362e-02  4.01342917e-02  3.44806810e-02  2.92704013e-02  2.45540432e-02  2.03557069e-02  1.66772951e-02  1.35030448e-02  1.08039249e-02  8.54167026e-03  6.67232760e-03  5.14925766e-03  3.92558138e-03 
 3.56102633e-04  4.78303666e-04  6.35336029e-04  8.34774775e-04  1.08519589e-03  1.39617646e-03  1.77828255e-03  2.24305472e-03  2.80300455e-03  3.47163679e-03  4.26351069e-03  5.19434868e-03  6.28119048e-03  7.54257653e-03  8.99872572e-03  1.06716521e-02  1.25851461e-02  1.47645301e-02  1.72360946e-02  2.00261255e-02  2.31594537e-02  2.66574930e-02  3.05357714e-02  3.48010140e-02  3.94478818e-02  4.44555242e-02  4.97841600e-02  5.53719648e-02  6.11326255e-02  6.69540083e-02  7.26984650e-02  7.82053260e-02  8.32960614e-02  8.77823673e-02  9.14770637e-02  9.42071701e-02  9.58279700e-02  9.62364118e-02  9.53819714e-02  9.32732420e-02  8.99790474e-02  8.56236989e-02  8.03769741e-02  7.44402320e-02  6.80306216e-02  6.13654580e-02  5.46485619e-02  4.80597905e-02  4.17483033e-02  3.58294808e-02  3.03849546e-02  2.54649618e-02  2.10921977e-02  1.72664329e-02  1.39693293e-02  1.11690707e-02  8.82457367e-03  6.88916102e-03  5.31364931e-03  4.04884721e-03 
 4.48879210e-04  6.02388224e-04  7.99324762e-04  1.04894226e-03  1.36161183e-03  1.74876626e-03  2.22281249e-03  2.79702298e-03  3.48542162e-03  4.30268348e-03  5.26406858e-03  6.38540693e-03  7.68314389e-03  9.17444162e-03  1.08773139e-02  1.28107498e-02  1.49947586e-02  1.74502495e-02  2.01986473e-02  2.32611427e-02  2.66574930e-02  3.04043112e-02  3.45128267e-02  3.89861461e-02  4.38160999e-02  4.89798181e-02  5.44362457e-02  6.01228867e-02  6.59531563e-02  7.18148210e-02  7.75700905e-02  8.30579536e-02  8.80992765e-02  9.25049504e-02  9.60869781e-02  9.86718489e-02  1.00114965e-01  1.00314400e-01  9.92220432e-02  9.68503179e-02  9.32732420e-02  8.86214335e-02  8.30716766e-02  7.68325287e-02  7.01280025e-02  6.31814782e-02  5.62016987e-02  4.93721074e-02  4.28440733e-02  3.67338995e-02  3.11230322e-02  2.60606481e-02  2.15677507e-02  1.76420174e-02  1.42628132e-02  1.13959786e-02  8.99815656e-03  7.02054625e-03  5.41203880e-03  4.12174038e-03 
 5.58625774e-04  7.49072350e-04  9.93037786e-04  1.30172055e-03  1.68755886e-03  2.16410338e-03  2.74583435e-03  3.44793396e-03  4.28603238e-03  5.27595177e-03  6.43347678e-03  7.77417985e-03  9.31332439e-03  1.10658575e-02  1.30464861e-02  1.52698079e-02  1.77504414e-02  2.05030727e-02  2.35423197e-02  2.68822964e-02  3.05357714e-02  3.45128267e-02  3.88189641e-02  4.34526542e-02  4.84023824e-02  5.36433207e-02  5.91338292e-02  6.48120864e-02  7.05932517e-02  7.63676693e-02  8.20007126e-02  8.73348956e-02  9.21947946e-02  9.63950834e-02  9.97515718e-02  1.02094586e-01  1.03283430e-01  1.03220182e-01  1.01860846e-01  9.92220432e-02  9.53819714e-02  9.04752805e-02  8.46824688e-02  7.82153185e-02  7.13004302e-02  6.41630314e-02  5.70129284e-02  5.00338601e-02  4.33767949e-02  3.71570497e-02  3.14546353e-02  2.63169856e-02  2.17631908e-02  1.77889639e-02  1.43717520e-02  1.14755972e-02  9.05551389e-03  7.06126887e-03  5.44052851e-03  4.14137761e-03 
 6.86280175e-04  9.19582126e-04  1.21805661e-03  1.59512260e-03  2.06556554e-03  2.64532284e-03  3.35118490e-03  4.20042278e-03  5.21036354e-03  6.39794353e-03  7.77927758e-03  9.36928572e-03  1.11814176e-02  1.32275066e-02  1.55177697e-02  1.80609450e-02  2.08645286e-02  2.39350391e-02  2.72782049e-02  3.08989467e-02  3.48010140e-02  3.89861461e-02  4.34526542e-02  4.81933763e-02  5.31930215e-02  5.84250080e-02  6.38479957e-02  6.94024239e-02  7.50074819e-02  8.05590544e-02  8.59292723e-02  9.09683182e-02  9.55090440e-02  9.93747077e-02  1.02389715e-01  1.04392701e-01  1.05250692e-01  1.04872613e-01  1.03220182e-01  1.00314400e-01  9.62364118e-02  9.11223602e-02  8.51528875e-02  7.85387564e-02  7.15046310e-02  6.42731597e-02  5.70511895e-02  5.00193501e-02  4.33255313e-02  3.70821309e-02  3.13664822e-02  2.62236287e-02  2.16705769e-02  1.77012655e-02  1.42916679e-02  1.14046378e-02  8.99426517e-03  7.00963136e-03  5.39792596e-03  4.10693371e-03 
 8.32213477e-04  1.11438415e-03  1.47495781e-03  1.92984869e-03  2.49646797e-03  3.19340631e-03  4.03999821e-03  5.05577914e-03  6.25985931e-03  7.67025070e-03  9.30319569e-03  1.11725544e-02  1.32893115e-02  1.56612588e-02  1.82928978e-02  2.11855827e-02  2.43378866e-02  2.77461365e-02  3.14050087e-02  3.53080407e-02  3.94478818e-02  4.38160999e-02  4.84023824e-02  5.31930215e-02  5.81686551e-02  6.33013371e-02  6.85511333e-02  7.38625692e-02  7.91613858e-02  8.43521836e-02  8.93176110e-02  9.39197673e-02  9.80043770e-02  1.01408038e-01  1.03968422e-01  1.05536761e-01  1.05991397e-01  1.05250692e-01  1.03283430e-01  1.00114965e-01  9.58279700e-02  9.05574281e-02  8.44804935e-02  7.78026534e-02  7.07421418e-02  6.35146556e-02  5.63201288e-02  4.93327480e-02  4.26947130e-02  3.65136270e-02  3.08629526e-02  2.57847359e-02  2.12937633e-02  1.73824172e-02  1.40256659e-02  1.11858050e-02  8.81672214e-03  6.86757275e-03  5.28582782e-03  4.01969980e-03 
 9.96080100e-04  1.33298682e-03  1.76305293e-03  2.30495007e-03  2.97898031e-03  3.80664075e-03  4.81003171e-03  6.01111888e-03  7.43087587e-03  9.08835028e-03  1.09997127e-02  1.31773634e-02  1.56291798e-02  1.83579929e-02  2.13613689e-02  2.46317526e-02  2.81569869e-02  3.19211715e-02  3.59057580e-02  4.00907120e-02  4.44555242e-02  4.89798181e-02  5.36433207e-02  5.84250080e-02  6.33013371e-02  6.82436040e-02  7.32146175e-02  7.81650336e-02  8.30298487e-02  8.77256691e-02  9.21494460e-02  9.61793600e-02  9.96784068e-02  1.02500972e-01  1.04502260e-01  1.05549932e-01  1.05536761e-01  1.04392701e-01  1.02094586e-01  9.86718489e-02  9.42071701e-02  8.88317465e-02  8.27157663e-02  7.60554309e-02  6.90583465e-02  6.19291973e-02  5.48573413e-02  4.80074362e-02  4.15135742e-02  3.54768268e-02  2.99656810e-02  2.50186252e-02  2.06481068e-02  1.68451676e-02  1.35842239e-02  1.08276212e-02  8.52974137e-03  6.64054680e-03  5.10852049e-03  3.88300317e-03 
 1.17668735e-03  1.57376798e-03  2.08016348e-03  2.71753901e-03  3.50932560e-03  4.48015375e-03  5.65508810e-03  7.05867292e-03  8.71381662e-03  1.06405645e-02  1.28548309e-02  1.53671840e-02  1.81817929e-02  2.12956592e-02  2.46982517e-02  2.83716427e-02  3.22912012e-02  3.64268318e-02  4.07446606e-02  4.52089777e-02  4.97841600e-02  5.44362457e-02  5.91338292e-02  6.38479957e-02  6.85511333e-02  7.32146175e-02  7.78055527e-02  8.22829451e-02  8.65938511e-02  9.06701696e-02  9.44268085e-02  9.77619193e-02  1.00559747e-01  1.02696361e-01  1.04048123e-01  1.04502260e-01  1.03968422e-01  1.02389715e-01  9.97515718e-02  9.60869781e-02  9.14770637e-02  8.60467849e-02  7.99562293e-02  7.33887674e-02  6.65377063e-02  5.95931834e-02  5.27307976e-02  4.61029921e-02  3.98336396e-02  3.40157531e-02  2.87118639e-02  2.39564004e-02  1.97593585e-02  1.61106283e-02  1.29844800e-02  1.03438593e-02  8.14427610e-03  6.33717002e-03  4.87270598e-03  3.70199587e-03 
 1.37189950e-03  1.83384899e-03  2.42245766e-03  3.16257936e-03  4.08097005e-03  5.20557980e-03  6.56460024e-03  8.18527560e-03  1.00925066e-02  1.23073020e-02  1.48451602e-02  1.77144931e-02  2.09152316e-02  2.44377738e-02  2.82624431e-02  3.23596063e-02  3.66905586e-02  4.12091949e-02  4.58643807e-02  5.06028036e-02  5.53719648e-02  6.01228867e-02  6.48120864e-02  6.94024239e-02  7.38625692e-02  7.81650336e-02  8.22829451e-02  8.61859793e-02  8.98360498e-02  9.31834955e-02  9.61645390e-02  9.87007331e-02  1.00700933e-01  1.02066040e-01  1.02696361e-01  1.02500972e-01  1.01408038e-01  9.93747077e-02  9.63950834e-02  9.25049504e-02  8.77823673e-02  8.23438815e-02  7.63368374e-02  6.99288598e-02  6.32959794e-02  5.66109388e-02  5.00330142e-02  4.37002637e-02  3.77246198e-02  3.21897795e-02  2.71514991e-02  2.26397155e-02  1.86618661e-02  1.52068378e-02  1.22490924e-02  9.75264253e-03  7.67467033e-03  5.96867253e-03  4.58707829e-03  3.48333104e-03 
 1.57859116e-03  2.10903474e-03  2.78437404e-03  3.63279038e-03  4.68450258e-03  5.97091017e-03  7.52344432e-03  9.37213191e-03  1.15439023e-02  1.40606954e-02  1.69374648e-02  2.01802059e-02  2.37841817e-02  2.77325486e-02  3.19956067e-02  3.65308863e-02  4.12842364e-02  4.61919774e-02  5.11840453e-02  5.61878774e-02  6.11326255e-02  6.59531563e-02  7.05932517e-02  7.50074819e-02  7.91613858e-02  8.30298487e-02  8.65938511e-02  8.98360498e-02  9.27358747e-02  9.52649578e-02  9.73837355e-02  9.90399664e-02  1.00169702e-01  1.00700933e-01  1.00559747e-01  9.96784068e-02  9.80043770e-02  9.55090440e-02  9.21947946e-02  8.80992765e-02  8.32960614e-02  7.78914916e-02  7.20181120e-02  6.58256173e-02  5.94705755e-02  5.31062640e-02  4.68737741e-02  4.08951922e-02  3.52692396e-02  3.00693517e-02  2.53438802e-02  2.11179285e-02  1.73962806e-02  1.41669272e-02  1.14047827e-02  9.07529650e-03  7.13776121e-03  5.54820190e-03  4.26178844e-03  3.23475572e-03 
 1.79266240e-03  2.39383616e-03  3.15865387e-03  4.11869163e-03  5.30769515e-03  6.76057104e-03  8.51203700e-03  1.05949329e-02  1.30382209e-02  1.58647364e-02  1.90887908e-02  2.27137777e-02  2.67299842e-02  3.11128599e-02  3.58220280e-02  4.08013239e-02  4.59800933e-02  5.12758684e-02  5.65983624e-02  6.18545034e-02  6.69540083e-02  7.18148210e-02  7.63676693e-02  8.05590544e-02  8.43521836e-02  8.77256691e-02  9.06701696e-02  9.31834955e-02  9.52649578e-02  9.69098809e-02  9.81051971e-02  9.88269105e-02  9.90399664e-02  9.87007331e-02  9.77619193e-02  9.61793600e-02  9.39197673e-02  9.09683182e-02  8.73348956e-02  8.30579536e-02  7.82053260e-02  7.28717778e-02  6.71736284e-02  6.12412203e-02  5.52102939e-02  4.92133929e-02  4.33722877e-02  3.77921173e-02  3.25575943e-02  2.77312853e-02  2.33537210e-02  1.94449370e-02  1.60069960e-02  1.30270659e-02  1.04807013e-02  8.33505954e-03  6.55187022e-03  5.09004143e-03  3.90784456e-03  2.96465520e-03 
 2.00912433e-03  2.68158643e-03  3.53649670e-03  4.60880797e-03  5.93576822e-03  7.55576093e-03  9.50675607e-03  1.18243692e-02  1.45395540e-02  1.76759907e-02  2.12472785e-02  2.52541007e-02  2.96815979e-02  3.44972496e-02  3.96496206e-02  4.50683321e-02  5.06655728e-02  5.63393267e-02  6.19782801e-02  6.74680969e-02  7.26984650e-02  7.75700905e-02  8.20007126e-02  8.59292723e-02  8.93176110e-02  9.21494460e-02  9.44268085e-02  9.61645390e-02  9.73837355e-02  9.81051971e-02  9.83438787e-02  9.81051971e-02  9.73837355e-02  9.61645390e-02  9.44268085e-02  9.21494460e-02  8.93176110e-02  8.59292723e-02  8.20007126e-02  7.75700905e-02  7.26984650e-02  6.74680969e-02  6.19782801e-02  5.63393267e-02  5.06655728e-02  4.50683321e-02  3.96496206e-02  3.44972496e-02  2.96815979e-02  2.52541007e-02  2.12472785e-02  1.76759907e-02  1.45395540e-02  1.18243692e-02  9.50675607e-03  7.55576093e-03  5.93576822e-03  4.60880797e-03  3.53649670e-03  2.68158643e-03 
 2.22225825e-03  2.96465520e-03  3.90784456e-03  5.09004143e-03  6.55187022e-03  8.33505954e-03  1.04807013e-02  1.30270659e-02  1.60069960e-02  1.94449370e-02  2.33537210e-02  2.77312853e-02  3.25575943e-02  3.77921173e-02  4.33722877e-02  4.92133929e-02  5.52102939e-02  6.12412203e-02  6.71736284e-02  7.28717778e-02  7.82053260e-02  8.30579536e-02  8.73348956e-02  9.09683182e-02  9.39197673e-02  9.61793600e-02  9.77619193e-02  9.87007331e-02  9.90399664e-02  9.88269105e-02  9.81051971e-02  9.69098809e-02  9.52649578e-02  9.31834955e-02  9.06701696e-02  8.77256691e-02  8.43521836e-02  8.05590544e-02  7.63676693e-02  7.18148210e-02  6.69540083e-02  6.18545034e-02  5.65983624e-02  5.12758684e-02  4.59800933e-02  4.08013239e-02  3.58220280e-02  3.11128599e-02  2.67299842e-02  2.27137777e-02  1.90887908e-02  1.58647364e-02  1.30382209e-02  1.05949329e-02  8.51203700e-03  6.76057104e-03  5.30769515e-03  4.11869163e-03  3.15865387e-03  2.39383616e-03 
 2.42584492e-03  3.23475572e-03  4.26178844e-03  5.54820190e-03  7.13776121e-03  9.07529650e-03  1.14047827e-02  1.41669272e-02  1.73962806e-02  2.11179285e-02  2.53438802e-02  3.00693517e-02  3.52692396e-02  4.08951922e-02  4.68737741e-02  5.31062640e-02  5.94705755e-02  6.58256173e-02  7.20181120e-02  7.78914916e-02  8.32960614e-02  8.80992765e-02  9.21947946e-02  9.55090440e-02  9.80043770e-02  9.96784068e-02  1.00559747e-01  1.00700933e-01  1.00169702e-01  9.90399664e-02  9.73837355e-02  9.52649578e-02  9.27358747e-02  8.98360498e-02  8.65938511e-02  8.30298487e-02  7.91613858e-02  7.50074819e-02  7.05932517e-02  6.59531563e-02  6.11326255e-02  5.61878774e-02  5.11840453e-02  4.61919774e-02  4.12842364e-02  3.65308863e-02  3.19956067e-02  2.77325486e-02  2.37841817e-02  2.01802059e-02  1.69374648e-02  1.40606954e-02  1.15439023e-02  9.37213191e-03  7.52344432e-03  5.97091017e-03  4.68450258e-03  3.63279038e-03  2.78437404e-03  2.10903474e-03 
 2.61345331e-03  3.48333104e-03  4.58707829e-03  5.96867253e-03  7.67467033e-03  9.75264253e-03  1.22490924e-02  1.52068378e-02  1.86618661e-02  2.26397155e-02  2.71514991e-02  3.21897795e-02  3.77246198e-02  4.37002637e-02  5.00330142e-02  5.66109388e-02  6.32959794e-02  6.99288598e-02  7.63368374e-02  8.23438815e-02  8.77823673e-02  9.25049504e-02  9.63950834e-02  9.93747077e-02  1.01408038e-01  1.02500972e-01  1.02696361e-01  1.02066040e-01  1.00700933e-01  9.87007331e-02  9.61645390e-02  9.31834955e-02  8.98360498e-02  8.61859793e-02  8.22829451e-02  7.81650336e-02  7.38625692e-02  6.94024239e-02  6.48120864e-02  6.01228867e-02  5.53719648e-02  5.06028036e-02  4.58643807e-02  4.12091949e-02  3.66905586e-02  3.23596063e-02  2.82624431e-02  2.44377738e-02  2.09152316e-02  1.77144931e-02  1.48451602e-02  1.23073020e-02  1.00925066e-02  8.18527560e-03  6.56460024e-03  5.20557980e-03  4.08097005e-03  3.16257936e-03  2.42245766e-03  1.83384899e-03 
 2.77877159e-03  3.70199587e-03  4.87270598e-03  6.33717002e-03  8.14427610e-03  1.03438593e-02  1.29844800e-02  1.61106283e-02  1.97593585e-02  2.39564004e-02  2.87118639e-02  3.40157531e-02  3.98336396e-02  4.61029921e-02  5.27307976e-02  5.95931834e-02  6.65377063e-02  7.33887674e-02  7.99562293e-02  8.60467849e-02  9.14770637e-02  9.60869781e-02  9.97515718e-02  1.02389715e-01  1.03968422e-01  1.04502260e-01  1.04048123e-01  1.02696361e-01  1.00559747e-01  9.77619193e-02  9.44268085e-02  9.06701696e-02  8.65938511e-02  8.22829451e-02  7.78055527e-02  7.32146175e-02  6.85511333e-02  6.38479957e-02  5.91338292e-02  5.44362457e-02  4.97841600e-02  4.52089777e-02  4.07446606e-02  3.64268318e-02  3.22912012e-02  2.83716427e-02  2.46982517e-02  2.12956592e-02  1.81817929e-02  1.53671840e-02  1.28548309e-02  1.06405645e-02  8.71381662e-03  7.05867292e-03  5.65508810e-03  4.48015375e-03  3.50932560e-03  2.71753901e-03  2.08016348e-03  1.57376798e-03 
 2.91595714e-03  3.88300317e-03  5.10852049e-03  6.64054680e-03  8.52974137e-03  1.08276212e-02  1.35842239e-02  1.68451676e-02  2.06481068e-02  2.50186252e-02  2.99656810e-02  3.54768268e-02  4.15135742e-02  4.80074362e-02  5.48573413e-02  6.19291973e-02  6.90583465e-02  7.60554309e-02  8.27157663e-02  8.88317465e-02  9.42071701e-02  9.86718489e-02  1.02094586e-01  1.04392701e-01  1.05536761e-01  1.05549932e-01  1.04502260e-01  1.02500972e-01  9.96784068e-02  9.61793600e-02  9.21494460e-02  8.77256691e-02  8.30298487e-02  7.81650336e-02  7.32146175e-02  6.82436040e-02  6.33013371e-02  5.84250080e-02  5.36433207e-02  4.89798181e-02  4.44555242e-02  4.00907120e-02  3.59057580e-02  3.19211715e-02  2.81569869e-02  2.46317526e-02  2.13613689e-02  1.83579929e-02  1.56291798e-02  1.31773634e-02  1.09997127e-02  9.08835028e-03  7.43087587e-03  6.01111888e-03  4.81003171e-03  3.80664075e-03  2.97898031e-03  2.30495007e-03  1.76305293e-03  1.33298682e-03 
 3.01997889e-03  4.01969980e-03  5.28582782e-03  6.86757275e-03  8.81672214e-03  1.11858050e-02  1.40256659e-02  1.73824172e-02  2.12937633e-02  2.57847359e-02  3.08629526e-02  3.65136270e-02  4.26947130e-02  4.93327480e-02  5.63201288e-02  6.35146556e-02  7.07421418e-02  7.78026534e-02  8.44804935e-02  9.05574281e-02  9.58279700e-02  1.00114965e-01  1.03283430e-01  1.05250692e-01  1.05991397e-01  1.05536761e-01  1.03968422e-01  1.01408038e-01  9.80043770e-02  9.39197673e-02  8.93176110e-02  8.43521836e-02  7.91613858e-02  7.38625692e-02  6.85511333e-02  6.33013371e-02  5.81686551e-02  5.31930215e-02  4.84023824e-02  4.38160999e-02  3.94478818e-02  3.53080407e-02  3.14050087e-02  2.77461365e-02  2.43378866e-02  2.11855827e-02  1.82928978e-02  1.56612588e-02  1.32893115e-02  1.11725544e-02  9.30319569e-03  7.67025070e-03  6.25985931e-03  5.05577914e-03  4.03999821e-03  3.19340631e-03  2.49646797e-03  1.92984869e-03  1.47495781e-03  1.11438415e-03 
 3.08692395e-03  4.10693371e-03  5.39792596e-03  7.00963136e-03  8.99426517e-03  1.14046378e-02  1.42916679e-02  1.77012655e-02  2.16705769e-02  2.62236287e-02  3.13664822e-02  3.70821309e-02  4.33255313e-02  5.00193501e-02  5.70511895e-02  6.42731597e-02  7.15046310e-02  7.85387564e-02  8.51528875e-02  9.11223602e-02  9.62364118e-02  1.00314400e-01  1.03220182e-01  1.04872613e-01  1.05250692e-01  1.04392701e-01  1.02389715e-01  9.93747077e-02  9.55090440e-02  9.09683182e-02  8.59292723e-02  8.05590544e-02  7.50074819e-02  6.94024239e-02  6.38479957e-02  5.84250080e-02  5.31930215e-02  4.81933763e-02  4.34526542e-02  3.89861461e-02  3.48010140e-02  3.08989467e-02  2.72782049e-02  2.39350391e-02  2.08645286e-02  1.80609450e-02  1.55177697e-02  1.32275066e-02  1.11814176e-02  9.36928572e-03  7.77927758e-03  6.39794353e-03  5.21036354e-03  4.20042278e-03  3.35118490e-03  2.64532284e-03  2.06556554e-03  1.59512260e-03  1.21805661e-03  9.19582126e-04 
 3.11424244e-03  4.14137761e-03  5.44052851e-03  7.06126887e-03  9.05551389e-03  1.14755972e-02  1.43717520e-02  1.77889639e-02  2.17631908e-02  2.63169856e-02  3.14546353e-02  3.71570497e-02  4.33767949e-02  5.00338601e-02  5.70129284e-02  6.41630314e-02  7.13004302e-02  7.82153185e-02  8.46824688e-02  9.04752805e-02  9.53819714e-02  9.92220432e-02  1.01860846e-01  1.03220182e-01  1.03283430e-01  1.02094586e-01  9.97515718e-02  9.63950834e-02  9.21947946e-02  8.73348956e-02  8.20007126e-02  7.63676693e-02  7.05932517e-02  6.48120864e-02  5.91338292e-02  5.36433207e-02  4.84023824e-02  4.34526542e-02  3.88189641e-02  3.45128267e-02  3.05357714e-02  2.68822964e-02  2.35423197e-02  2.05030727e-02  1.77504414e-02  1.52698079e-02  1.30464861e-02  1.10658575e-02  9.31332439e-03  7.77417985e-03  6.43347678e-03  5.27595177e-03  4.28603238e-03  3.44793396e-03  2.74583435e-03  2.16410338e-03  1.68755886e-03  1.30172055e-03  9.93037786e-04  7.49072350e-04 
 3.10090881e-03  4.12174038e-03  5.41203880e-03  7.02054625e-03  8.99815656e-03  1.13959786e-02  1.42628132e-02  1.76420174e-02  2.15677507e-02  2.60606481e-02  3.11230322e-02  3.67338995e-02  4.28440733e-02  4.93721074e-02  5.62016987e-02  6.31814782e-02  7.01280025e-02  7.68325287e-02  8.30716766e-02  8.86214335e-02  9.32732420e-02  9.68503179e-02  9.92220432e-02  1.00314400e-01  1.00114965e-01  9.86718489e-02  9.60869781e-02  9.25049504e-02  8.80992765e-02  8.30579536e-02  7.75700905e-02  7.18148210e-02  6.59531563e-02  6.01228867e-02  5.44362457e-02  4.89798181e-02  4.38160999e-02  3.89861461e-02  3.45128267e-02  3.04043112e-02  2.66574930e-02  2.32611427e-02  2.01986473e-02  1.74502495e-02  1.49947586e-02  1.28107498e-02  1.08773139e-02  9.17444162e-03  7.68314389e-03  6.38540693e-03  5.26406858e-03  4.30268348e-03  3.48542162e-03  2.79702298e-03  2.22281249e-03  1.74876626e-03  1.36161183e-03  1.04894226e-03  7.99324762e-04  6.02388224e-04 
 3.04748551e-03  4.04884721e-03  5.31364931e-03  6.88916102e-03  8.82457367e-03  1.11690707e-02  1.39693293e-02  1.72664329e-02  2.10921977e-02  2.54649618e-02  3.03849546e-02  3.58294808e-02  4.17483033e-02  4.80597905e-02  5.46485619e-02  6.13654580e-02  6.80306216e-02  7.44402320e-02  8.03769741e-02  8.56236989e-02  8.99790474e-02  9.32732420e-02  9.53819714e-02  9.62364118e-02  9.58279700e-02  9.42071701e-02  9.14770637e-02  8.77823673e-02  8.32960614e-02  7.82053260e-02  7.26984650e-02  6.69540083e-02  6.11326255e-02  5.53719648e-02  4.97841600e-02  4.44555242e-02  3.94478818e-02  3.48010140e-02  3.05357714e-02  2.66574930e-02  2.31594537e-02  2.00261255e-02  1.72360946e-02  1.47645301e-02  1.25851461e-02  1.06716521e-02  8.99872572e-03  7.54257653e-03  6.28119048e-03  5.19434868e-03  4.26351069e-03  3.47163679e-03  2.80300455e-03  2.24305472e-03  1.77828255e-03  1.39617646e-03  1.08519589e-03  8.34774775e-04  6.35336029e-04  4.78303666e-04 
