VASP file: Electron density in real space (e/Bohr^3)  PySCF Version: 2.4.0  Date: Tue Dec  5 23:49:00 2023
1.0000000000
    4.42791326     0.00000000     0.00000000 
    0.00000000     4.42791326     0.00000000 
    0.00000000     0.00000000     4.42791326 
    C    H
    1    4
Cartesian 
     2.21395663     2.21395663     2.21395663
     2.84038163     1.58753163     1.58753163
     2.84038163     2.84038163     2.84038163
     1.58753163     2.84038163     1.58753163
     1.58753163     1.58753163     2.84038163

    60     60     60 

 4.86366477e-07  7.03625065e-07  1.01766458e-06  1.47170900e-06  2.12769817e-06  3.07356302e-06  4.43271225e-06  6.37606779e-06  9.13687252e-06  1.30282859e-05  1.84634597e-05  2.59773366e-05  3.62488402e-05  5.01214540e-05  6.86194725e-05  9.29565271e-05  1.24532469e-04  1.64914451e-04  2.15798245e-04  2.78946577e-04  3.56102678e-04  4.48879261e-04  5.58625830e-04  6.86280237e-04  8.32213545e-04  9.96080172e-04  1.17668743e-03  1.37189958e-03  1.57859125e-03  1.79266249e-03  2.00912442e-03  2.22225834e-03  2.42584500e-03  2.61345339e-03  2.77877166e-03  2.91595721e-03  3.01997896e-03  3.08692402e-03  3.11424249e-03  3.10090886e-03  3.04748556e-03  2.95608324e-03  2.83022158e-03  2.67460357e-03  2.49482364e-03  2.29703494e-03  2.08760335e-03  1.87277497e-03  1.65838051e-03  1.44959466e-03  1.25076197e-03  1.06529380e-03  8.95634594e-04  7.43290117e-04  6.08906395e-04  4.92385761e-04  3.93025634e-04  3.09666382e-04  2.40836422e-04  1.84885219e-04 
 7.03625065e-07  1.01232303e-06  1.45554368e-06  2.09214826e-06  3.00613624e-06  4.31635564e-06  6.18916083e-06  8.85446595e-06  1.26254899e-05  1.79222087e-05  2.52980968e-05  3.54691352e-05  4.93432949e-05  6.80478074e-05  9.29505768e-05  1.25671189e-04  1.68076281e-04  2.22253737e-04  2.90460444e-04  3.75039388e-04  4.78303729e-04  6.02388295e-04  7.49072429e-04  9.19582214e-04  1.11438424e-03  1.33298692e-03  1.57376808e-03  1.83384910e-03  2.10903486e-03  2.39383628e-03  2.68158655e-03  2.96465532e-03  3.23475583e-03  3.48333116e-03  3.70199598e-03  3.88300327e-03  4.01969989e-03  4.10693380e-03  4.14137769e-03  4.12174045e-03  4.04884727e-03  3.92558144e-03  3.75669344e-03  3.54849534e-03  3.30846812e-03  3.04481639e-03  2.76600735e-03  2.48032981e-03  2.19550397e-03  1.91836567e-03  1.65463970e-03  1.40880766e-03  1.18406742e-03  9.82374062e-04  8.04547156e-04  6.50426217e-04  5.19055417e-04  4.08879593e-04  3.17936051e-04  2.44030002e-04 
 1.01766458e-06  1.45554368e-06  2.07956725e-06  2.96923498e-06  4.23742877e-06  6.04320610e-06  8.60846954e-06  1.22391015e-05  1.73509509e-05  2.45006855e-05  3.44209514e-05  4.80584741e-05  6.66127263e-05  9.15715933e-05  1.24739212e-04  1.68249976e-04  2.24561802e-04  2.96421373e-04  3.86794474e-04  4.98755925e-04  6.35336116e-04  7.99324861e-04  9.93037896e-04  1.21805673e-03  1.47495794e-03  1.76305307e-03  2.08016363e-03  2.42245781e-03  2.78437420e-03  3.15865403e-03  3.53649686e-03  3.90784473e-03  4.26178860e-03  4.58707844e-03  4.87270612e-03  5.10852063e-03  5.28582795e-03  5.39792608e-03  5.44052862e-03  5.41203890e-03  5.31364940e-03  5.14925774e-03  4.92520733e-03  4.64987739e-03  4.33315988e-03  3.98586957e-03  3.61913642e-03  3.24382740e-03  2.87003801e-03  2.50668353e-03  2.16120845e-03  1.83942026e-03  1.54544272e-03  1.28177484e-03  1.04943523e-03  8.48168126e-04  6.76686295e-04  5.32927584e-04  4.14305201e-04  3.17936051e-04 
 1.47170900e-06  2.09214826e-06  2.96923498e-06  4.20953719e-06  5.96345758e-06  8.44186719e-06  1.19377682e-05  1.68537499e-05  2.37357376e-05  3.33130455e-05  4.65439935e-05  6.46652968e-05  8.92421112e-05  1.22214065e-04  1.65930971e-04  2.23170379e-04  2.97127982e-04  3.91371417e-04  5.09748563e-04  6.56243285e-04  8.34774895e-04  1.04894240e-03  1.30172070e-03  1.59512277e-03  1.92984887e-03  2.30495026e-03  2.71753921e-03  3.16257957e-03  3.63279060e-03  4.11869185e-03  4.60880819e-03  5.09004165e-03  5.54820212e-03  5.96867274e-03  6.33717023e-03  6.64054700e-03  6.86757293e-03  7.00963152e-03  7.06126902e-03  7.02054639e-03  6.88916114e-03  6.67232770e-03  6.37842836e-03  6.01846806e-03  5.60538402e-03  5.15327174e-03  4.67659250e-03  4.18942402e-03  3.70480582e-03  3.23421764e-03  2.78721290e-03  2.37121394e-03  1.99146117e-03  1.65109737e-03  1.35136036e-03  1.09185297e-03  8.70858698e-04  6.85673406e-04  5.32927584e-04  4.08879593e-04 
 2.12769817e-06  3.00613624e-06  4.23742877e-06  5.96345758e-06  8.38303074e-06  1.17732189e-05  1.65171265e-05  2.31390762e-05  3.23478459e-05  4.50879643e-05  6.25981008e-05  8.64742309e-05  1.18733544e-04  1.61873061e-04  2.18914831e-04  2.93427607e-04  3.89513453e-04  5.11747161e-04  6.65057134e-04  8.54538816e-04  1.08519605e-03  1.36161202e-03  1.68755906e-03  2.06556577e-03  2.49646821e-03  2.97898057e-03  3.50932588e-03  4.08097034e-03  4.68450288e-03  5.30769545e-03  5.93576852e-03  6.55187052e-03  7.13776151e-03  7.67467062e-03  8.14427638e-03  8.52974164e-03  8.81672239e-03  8.99426539e-03  9.05551409e-03  8.99815675e-03  8.82457384e-03  8.54167041e-03  8.16041008e-03  7.69509628e-03  7.16246883e-03  6.58069776e-03  5.96836001e-03  5.34347881e-03  4.72269140e-03  4.12059267e-03  3.54928066e-03  3.01810995e-03  2.53364112e-03  2.09976033e-03  1.71793415e-03  1.38755977e-03  1.10637041e-03  8.70858698e-04  6.76686295e-04  5.19055417e-04 
 3.07356302e-06  4.31635564e-06  6.04320610e-06  8.44186719e-06  1.17732189e-05  1.63982593e-05  2.28132100e-05  3.16939778e-05  4.39507746e-05  6.07929023e-05  8.38024628e-05  1.15014036e-04  1.56995178e-04  2.12920056e-04  2.86625872e-04  3.82639236e-04  5.06157848e-04  6.62972170e-04  8.59312798e-04  1.10161241e-03  1.39617668e-03  1.74876651e-03  2.16410366e-03  2.64532314e-03  3.19340664e-03  3.80664111e-03  4.48015412e-03  5.20558018e-03  5.97091057e-03  6.76057145e-03  7.55576134e-03  8.33505995e-03  9.07529690e-03  9.75264292e-03  1.03438597e-02  1.08276216e-02  1.11858053e-02  1.14046381e-02  1.14755975e-02  1.13959788e-02  1.11690709e-02  1.08039251e-02  1.03147380e-02  9.71991175e-03  9.04088115e-03  8.30081732e-03  7.52331884e-03  6.73119339e-03  5.94541269e-03  5.18429812e-03  4.46296717e-03  3.79304427e-03  3.18261786e-03  2.63640891e-03  2.15610506e-03  1.74081035e-03  1.38755977e-03  1.09185297e-03  8.48168126e-04  6.50426217e-04 
 4.43271225e-06  6.18916083e-06  8.60846954e-06  1.19377682e-05  1.65171265e-05  2.28132100e-05  3.14630187e-05  4.33292576e-05  5.95683452e-05  8.17110608e-05  1.11754275e-04  1.52260040e-04  2.06455569e-04  2.78324462e-04  3.72676167e-04  4.95177610e-04  6.52328654e-04  8.51362293e-04  1.10005184e-03  1.40641138e-03  1.77828284e-03  2.22281282e-03  2.74583471e-03  3.35118530e-03  4.03999864e-03  4.81003218e-03  5.65508860e-03  6.56460075e-03  7.52344485e-03  8.51203754e-03  9.50675662e-03  1.04807018e-02  1.14047832e-02  1.22490930e-02  1.29844805e-02  1.35842243e-02  1.40256664e-02  1.42916683e-02  1.43717523e-02  1.42628136e-02  1.39693296e-02  1.35030451e-02  1.28821622e-02  1.21301204e-02  1.12740870e-02  1.03432995e-02  9.36740752e-03  8.37494393e-03  7.39202782e-03  6.44136925e-03  5.54160748e-03  4.70698208e-03  3.94730971e-03  3.26821914e-03  2.67158620e-03  2.15610506e-03  1.71793415e-03  1.35136036e-03  1.04943523e-03  8.04547156e-04 
 6.37606779e-06  8.85446595e-06  1.22391015e-05  1.68537499e-05  2.31390762e-05  3.16939778e-05  4.33292576e-05  5.91355415e-05  8.05666830e-05  1.09538662e-04  1.48542056e-04  2.00763475e-04  2.70207955e-04  3.61810364e-04  4.81519725e-04  6.36336601e-04  8.34280906e-04  1.08426665e-03  1.39586191e-03  1.77891729e-03  2.24305511e-03  2.79702342e-03  3.44793444e-03  4.20042331e-03  5.05577971e-03  6.01111949e-03  7.05867358e-03  8.18527629e-03  9.37213262e-03  1.05949336e-02  1.18243699e-02  1.30270666e-02  1.41669279e-02  1.52068385e-02  1.61106290e-02  1.68451682e-02  1.73824177e-02  1.77012660e-02  1.77889643e-02  1.76420178e-02  1.72664333e-02  1.66772954e-02  1.58977137e-02  1.49572504e-02  1.38899916e-02  1.27324464e-02  1.15214651e-02  1.02923386e-02  9.07721021e-03  7.90387608e-03  6.79501030e-03  5.76780451e-03  4.83398165e-03  4.00012099e-03  3.26821914e-03  2.63640891e-03  2.09976033e-03  1.65109737e-03  1.28177484e-03  9.82374062e-04 
 9.13687252e-06  1.26254899e-05  1.73509509e-05  2.37357376e-05  3.23478459e-05  4.39507746e-05  5.95683452e-05  8.05666830e-05  1.08754887e-04  1.46504412e-04  1.96884837e-04  2.63810426e-04  3.52187716e-04  4.68049576e-04  6.18656113e-04  8.12538228e-04  1.05945630e-03  1.37024547e-03  1.75652131e-03  2.23022591e-03  2.80300505e-03  3.48542219e-03  4.28603301e-03  5.21036423e-03  6.25986006e-03  7.43087667e-03  8.71381747e-03  1.00925075e-02  1.15439032e-02  1.30382219e-02  1.45395550e-02  1.60069969e-02  1.73962815e-02  1.86618670e-02  1.97593594e-02  2.06481076e-02  2.12937640e-02  2.16705776e-02  2.17631915e-02  2.15677513e-02  2.10921982e-02  2.03557073e-02  1.93873290e-02  1.82239807e-02  1.69080008e-02  1.54845076e-02  1.39988079e-02  1.24940609e-02  1.10093539e-02  9.57828054e-03  8.22805201e-03  6.97912042e-03  5.84525409e-03  4.83398165e-03  3.94730971e-03  3.18261786e-03  2.53364112e-03  1.99146117e-03  1.54544272e-03  1.18406742e-03 
 1.30282859e-05  1.79222087e-05  2.45006855e-05  3.33130455e-05  4.50879643e-05  6.07929023e-05  8.17110608e-05  1.09538662e-04  1.46504412e-04  1.95511211e-04  2.60297379e-04  3.45610695e-04  4.57383595e-04  6.02892022e-04  7.90874415e-04  1.03158174e-03  1.33672561e-03  1.71929037e-03  2.19317787e-03  2.77266131e-03  3.47163743e-03  4.30268421e-03  5.27595258e-03  6.39794442e-03  7.67025166e-03  9.08835131e-03  1.06405656e-02  1.23073032e-02  1.40606966e-02  1.58647376e-02  1.76759919e-02  1.94449382e-02  2.11179297e-02  2.26397167e-02  2.39564015e-02  2.50186263e-02  2.57847368e-02  2.62236296e-02  2.63169865e-02  2.60606488e-02  2.54649624e-02  2.45540438e-02  2.33640446e-02  2.19406069e-02  2.03357862e-02  1.86047605e-02  1.68026332e-02  1.49815906e-02  1.31885995e-02  1.14637481e-02  9.83925009e-03  8.33907568e-03  6.97912042e-03  5.76780451e-03  4.70698208e-03  3.79304427e-03  3.01810995e-03  2.37121394e-03  1.83942026e-03  1.40880766e-03 
 1.84634597e-05  2.52980968e-05  3.44209514e-05  4.65439935e-05  6.25981008e-05  8.38024628e-05  1.11754275e-04  1.48542056e-04  1.96884837e-04  2.60297379e-04  3.43278270e-04  4.51513099e-04  5.92078962e-04  7.73629705e-04  1.00653407e-03  1.30293242e-03  1.67667308e-03  2.14308801e-03  2.71857121e-03  3.41993208e-03  4.26351152e-03  5.26406951e-03  6.43347781e-03  7.77927872e-03  9.30319692e-03  1.09997141e-02  1.28548323e-02  1.48451617e-02  1.69374663e-02  1.90887923e-02  2.12472800e-02  2.33537225e-02  2.53438817e-02  2.71515006e-02  2.87118653e-02  2.99656823e-02  3.08629538e-02  3.13664833e-02  3.14546364e-02  3.11230332e-02  3.03849554e-02  2.92704021e-02  2.78238936e-02  2.61012765e-02  2.41658894e-02  2.20844966e-02  1.99233834e-02  1.77449321e-02  1.56049029e-02  1.35505262e-02  1.16194183e-02  9.83925009e-03  8.22805201e-03  6.79501030e-03  5.54160748e-03  4.46296717e-03  3.54928066e-03  2.78721290e-03  2.16120845e-03  1.65463970e-03 
 2.59773366e-05  3.54691352e-05  4.80584741e-05  6.46652968e-05  8.64742309e-05  1.15014036e-04  1.52260040e-04  2.00763475e-04  2.63810426e-04  3.45610695e-04  4.51513099e-04  5.88238283e-04  7.64113235e-04  9.89283616e-04  1.27587164e-03  1.63803950e-03  2.09191314e-03  2.65531948e-03  3.34729460e-03  4.18733097e-03  5.19434972e-03  6.38540811e-03  7.77418116e-03  9.36928715e-03  1.11725560e-02  1.31773651e-02  1.53671858e-02  1.77144949e-02  2.01802078e-02  2.27137796e-02  2.52541027e-02  2.77312872e-02  3.00693536e-02  3.21897814e-02  3.40157549e-02  3.54768285e-02  3.65136286e-02  3.70821324e-02  3.71570511e-02  3.67339007e-02  3.58294819e-02  3.44806819e-02  3.27417277e-02  3.06802150e-02  2.83723770e-02  2.58981117e-02  2.33362591e-02  2.07605242e-02  1.82363037e-02  1.58185309e-02  1.35505262e-02  1.14637481e-02  9.57828054e-03  7.90387608e-03  6.44136925e-03  5.18429812e-03  4.12059267e-03  3.23421764e-03  2.50668353e-03  1.91836567e-03 
 3.62488402e-05  4.93432949e-05  6.66127263e-05  8.92421112e-05  1.18733544e-04  1.56995178e-04  2.06455569e-04  2.70207955e-04  3.52187716e-04  4.57383595e-04  5.92078962e-04  7.64113235e-04  9.83145611e-04  1.26089405e-03  1.61131262e-03  2.05066163e-03  2.59741859e-03  3.27197649e-03  4.09608068e-03  5.09196794e-03  6.28119178e-03  7.68314536e-03  9.31332602e-03  1.11814194e-02  1.32893135e-02  1.56291819e-02  1.81817951e-02  2.09152339e-02  2.37841841e-02  2.67299866e-02  2.96816003e-02  3.25575968e-02  3.52692420e-02  3.77246221e-02  3.98336419e-02  4.15135763e-02  4.26947150e-02  4.33255331e-02  4.33767966e-02  4.28440748e-02  4.17483046e-02  4.01342928e-02  3.80673223e-02  3.56282743e-02  3.29078550e-02  3.00005810e-02  2.69991319e-02  2.39895500e-02  2.10475858e-02  1.82363037e-02  1.56049029e-02  1.31885995e-02  1.10093539e-02  9.07721021e-03  7.39202782e-03  5.94541269e-03  4.72269140e-03  3.70480582e-03  2.87003801e-03  2.19550397e-03 
 5.01214540e-05  6.80478074e-05  9.15715933e-05  1.22214065e-04  1.61873061e-04  2.12920056e-04  2.78324462e-04  3.61810364e-04  4.68049576e-04  6.02892022e-04  7.73629705e-04  9.89283616e-04  1.26089405e-03  1.60178417e-03  2.02775578e-03  2.55716581e-03  3.21082533e-03  4.01166051e-03  4.98408059e-03  6.15301171e-03  7.54257813e-03  9.17444343e-03  1.10658595e-02  1.32275088e-02  1.56612611e-02  1.83579955e-02  2.12956619e-02  2.44377767e-02  2.77325516e-02  3.11128629e-02  3.44972527e-02  3.77921204e-02  4.08951952e-02  4.37002665e-02  4.61029949e-02  4.80074388e-02  4.93327505e-02  5.00193523e-02  5.00338622e-02  4.93721092e-02  4.80597922e-02  4.61506377e-02  4.37222626e-02  4.08702609e-02  3.77012488e-02  3.43256780e-02  3.08511657e-02  2.73769126e-02  2.39895500e-02  2.07605242e-02  1.77449321e-02  1.49815906e-02  1.24940609e-02  1.02923386e-02  8.37494393e-03  6.73119339e-03  5.34347881e-03  4.18942402e-03  3.24382740e-03  2.48032981e-03 
 6.86194725e-05  9.29505768e-05  1.24739212e-04  1.65930971e-04  2.18914831e-04  2.86625872e-04  3.72676167e-04  4.81519725e-04  6.18656113e-04  7.90874415e-04  1.00653407e-03  1.27587164e-03  1.61131262e-03  2.02775578e-03  2.54278492e-03  3.17675156e-03  3.95266391e-03  4.89581501e-03  6.03308866e-03  7.39189684e-03  8.99872768e-03  1.08773161e-02  1.30464885e-02  1.55177724e-02  1.82929007e-02  2.13613721e-02  2.46982550e-02  2.82624466e-02  3.19956102e-02  3.58220317e-02  3.96496243e-02  4.33722914e-02  4.68737777e-02  5.00330178e-02  5.27308010e-02  5.48573445e-02  5.63201318e-02  5.70511922e-02  5.70129309e-02  5.62017010e-02  5.46485640e-02  5.24170602e-02  4.95982419e-02  4.63036083e-02  4.26568454e-02  3.87853591e-02  3.48125015e-02  3.08511657e-02  2.69991319e-02  2.33362591e-02  1.99233834e-02  1.68026332e-02  1.39988079e-02  1.15214651e-02  9.36740752e-03  7.52331884e-03  5.96836001e-03  4.67659250e-03  3.61913642e-03  2.76600735e-03 
 9.29565271e-05  1.25671189e-04  1.68249976e-04  2.23170379e-04  2.93427607e-04  3.82639236e-04  4.95177610e-04  6.36336601e-04  8.12538228e-04  1.03158174e-03  1.30293242e-03  1.63803950e-03  2.05066163e-03  2.55716581e-03  3.17675156e-03  3.93153943e-03  4.84645358e-03  5.94882491e-03  7.26764715e-03  8.83243425e-03  1.06716545e-02  1.28107525e-02  1.52698109e-02  1.80609483e-02  2.11855862e-02  2.46317564e-02  2.83716467e-02  3.23596105e-02  3.65308907e-02  4.08013283e-02  4.50683365e-02  4.92133974e-02  5.31062684e-02  5.66109431e-02  5.95931875e-02  6.19292012e-02  6.35146592e-02  6.42731631e-02  6.41630345e-02  6.31814810e-02  6.13654604e-02  5.87890282e-02  5.55574718e-02  5.17990069e-02  4.76551215e-02  4.32707524e-02  3.87853591e-02  3.43256780e-02  3.00005810e-02  2.58981117e-02  2.20844966e-02  1.86047605e-02  1.54845076e-02  1.27324464e-02  1.03432995e-02  8.30081732e-03  6.58069776e-03  5.15327174e-03  3.98586957e-03  3.04481639e-03 
 1.24532469e-04  1.68076281e-04  2.24561802e-04  2.97127982e-04  3.89513453e-04  5.06157848e-04  6.52328654e-04  8.34280906e-04  1.05945630e-03  1.33672561e-03  1.67667308e-03  2.09191314e-03  2.59741859e-03  3.21082533e-03  3.95266391e-03  4.84645358e-03  5.91858393e-03  7.19790493e-03  8.71495171e-03  1.05007465e-02  1.25851489e-02  1.49947617e-02  1.77504449e-02  2.08645325e-02  2.43378908e-02  2.81569914e-02  3.22912060e-02  3.66905636e-02  4.12842415e-02  4.59800986e-02  5.06655781e-02  5.52102993e-02  5.94705807e-02  6.32959845e-02  6.65377111e-02  6.90583511e-02  7.07421462e-02  7.15046350e-02  7.13004338e-02  7.01280058e-02  6.80306246e-02  6.50932736e-02  6.14358443e-02  5.72035471e-02  5.25558200e-02  4.76551215e-02  4.26568454e-02  3.77012488e-02  3.29078550e-02  2.83723770e-02  2.41658894e-02  2.03357862e-02  1.69080008e-02  1.38899916e-02  1.12740870e-02  9.04088115e-03  7.16246883e-03  5.60538402e-03  4.33315988e-03  3.30846812e-03 
 1.64914451e-04  2.22253737e-04  2.96421373e-04  3.91371417e-04  5.11747161e-04  6.62972170e-04  8.51362293e-04  1.08426665e-03  1.37024547e-03  1.71929037e-03  2.14308801e-03  2.65531948e-03  3.27197649e-03  4.01166051e-03  4.89581501e-03  5.94882491e-03  7.19790493e-03  8.67269316e-03  1.04044700e-02  1.24249389e-02  1.47645334e-02  1.74502532e-02  2.05030769e-02  2.39350436e-02  2.77461415e-02  3.19211768e-02  3.64268374e-02  4.12092007e-02  4.61919834e-02  5.12758746e-02  5.63393329e-02  6.12412265e-02  6.58256234e-02  6.99288659e-02  7.33887732e-02  7.60554364e-02  7.78026585e-02  7.85387611e-02  7.82153228e-02  7.68325326e-02  7.44402355e-02  7.11343778e-02  6.70492687e-02  6.23467209e-02  5.72035471e-02  5.17990069e-02  4.63036083e-02  4.08702609e-02  3.56282743e-02  3.06802150e-02  2.61012765e-02  2.19406069e-02  1.82239807e-02  1.49572504e-02  1.21301204e-02  9.71991175e-03  7.69509628e-03  6.01846806e-03  4.64987739e-03  3.54849534e-03 
 2.15798245e-04  2.90460444e-04  3.86794474e-04  5.09748563e-04  6.65057134e-04  8.59312798e-04  1.10005184e-03  1.39586191e-03  1.75652131e-03  2.19317787e-03  2.71857121e-03  3.34729460e-03  4.09608068e-03  4.98408059e-03  6.03308866e-03  7.26764715e-03  8.71495171e-03  1.04044700e-02  1.23671882e-02  1.46344150e-02  1.72360985e-02  2.01986516e-02  2.35423245e-02  2.72782102e-02  3.14050145e-02  3.59057641e-02  4.07446671e-02  4.58643876e-02  5.11840524e-02  5.65983696e-02  6.19782874e-02  6.71736357e-02  7.20181192e-02  7.63368444e-02  7.99562360e-02  8.27157727e-02  8.44804994e-02  8.51528931e-02  8.46824738e-02  8.30716811e-02  8.03769781e-02  7.67048541e-02  7.22032020e-02  6.70492687e-02  6.14358443e-02  5.55574718e-02  4.95982419e-02  4.37222626e-02  3.80673223e-02  3.27417277e-02  2.78238936e-02  2.33640446e-02  1.93873290e-02  1.58977137e-02  1.28821622e-02  1.03147380e-02  8.16041008e-03  6.37842836e-03  4.92520733e-03  3.75669344e-03 
 2.78946577e-04  3.75039388e-04  4.98755925e-04  6.56243285e-04  8.54538816e-04  1.10161241e-03  1.40641138e-03  1.77891729e-03  2.23022591e-03  2.77266131e-03  3.41993208e-03  4.18733097e-03  5.09196794e-03  6.15301171e-03  7.39189684e-03  8.83243425e-03  1.05007465e-02  1.24249389e-02  1.46344150e-02  1.71587591e-02  2.00261299e-02  2.32611477e-02  2.68823020e-02  3.08989528e-02  3.53080473e-02  4.00907192e-02  4.52089853e-02  5.06028115e-02  5.61878856e-02  6.18545118e-02  6.74681054e-02  7.28717863e-02  7.78914999e-02  8.23438896e-02  8.60467927e-02  8.88317539e-02  9.05574350e-02  9.11223665e-02  9.04752863e-02  8.86214387e-02  8.56237036e-02  8.15981939e-02  7.67048541e-02  7.11343778e-02  6.50932736e-02  5.87890282e-02  5.24170602e-02  4.61506377e-02  4.01342928e-02  3.44806819e-02  2.92704021e-02  2.45540438e-02  2.03557073e-02  1.66772954e-02  1.35030451e-02  1.08039251e-02  8.54167041e-03  6.67232770e-03  5.14925774e-03  3.92558144e-03 
 3.56102678e-04  4.78303729e-04  6.35336116e-04  8.34774895e-04  1.08519605e-03  1.39617668e-03  1.77828284e-03  2.24305511e-03  2.80300505e-03  3.47163743e-03  4.26351152e-03  5.19434972e-03  6.28119178e-03  7.54257813e-03  8.99872768e-03  1.06716545e-02  1.25851489e-02  1.47645334e-02  1.72360985e-02  2.00261299e-02  2.31594588e-02  2.66574987e-02  3.05357778e-02  3.48010210e-02  3.94478893e-02  4.44555323e-02  4.97841686e-02  5.53719738e-02  6.11326348e-02  6.69540179e-02  7.26984746e-02  7.82053356e-02  8.32960708e-02  8.77823765e-02  9.14770726e-02  9.42071785e-02  9.58279779e-02  9.62364191e-02  9.53819780e-02  9.32732480e-02  8.99790527e-02  8.56237036e-02  8.03769781e-02  7.44402355e-02  6.80306246e-02  6.13654604e-02  5.46485640e-02  4.80597922e-02  4.17483046e-02  3.58294819e-02  3.03849554e-02  2.54649624e-02  2.10921982e-02  1.72664333e-02  1.39693296e-02  1.11690709e-02  8.82457384e-03  6.88916114e-03  5.31364940e-03  4.04884727e-03 
 4.48879261e-04  6.02388295e-04  7.99324861e-04  1.04894240e-03  1.36161202e-03  1.74876651e-03  2.22281282e-03  2.79702342e-03  3.48542219e-03  4.30268421e-03  5.26406951e-03  6.38540811e-03  7.68314536e-03  9.17444343e-03  1.08773161e-02  1.28107525e-02  1.49947617e-02  1.74502532e-02  2.01986516e-02  2.32611477e-02  2.66574987e-02  3.04043176e-02  3.45128338e-02  3.89861539e-02  4.38161084e-02  4.89798272e-02  5.44362554e-02  6.01228968e-02  6.59531667e-02  7.18148317e-02  7.75701013e-02  8.30579644e-02  8.80992872e-02  9.25049607e-02  9.60869881e-02  9.86718583e-02  1.00114974e-01  1.00314409e-01  9.92220507e-02  9.68503246e-02  9.32732480e-02  8.86214387e-02  8.30716811e-02  7.68325326e-02  7.01280058e-02  6.31814810e-02  5.62017010e-02  4.93721092e-02  4.28440748e-02  3.67339007e-02  3.11230332e-02  2.60606488e-02  2.15677513e-02  1.76420178e-02  1.42628136e-02  1.13959788e-02  8.99815675e-03  7.02054639e-03  5.41203890e-03  4.12174045e-03 
 5.58625830e-04  7.49072429e-04  9.93037896e-04  1.30172070e-03  1.68755906e-03  2.16410366e-03  2.74583471e-03  3.44793444e-03  4.28603301e-03  5.27595258e-03  6.43347781e-03  7.77418116e-03  9.31332602e-03  1.10658595e-02  1.30464885e-02  1.52698109e-02  1.77504449e-02  2.05030769e-02  2.35423245e-02  2.68823020e-02  3.05357778e-02  3.45128338e-02  3.88189720e-02  4.34526629e-02  4.84023919e-02  5.36433309e-02  5.91338400e-02  6.48120977e-02  7.05932634e-02  7.63676812e-02  8.20007246e-02  8.73349076e-02  9.21948064e-02  9.63950949e-02  9.97515829e-02  1.02094596e-01  1.03283439e-01  1.03220191e-01  1.01860855e-01  9.92220507e-02  9.53819780e-02  9.04752863e-02  8.46824738e-02  7.82153228e-02  7.13004338e-02  6.41630345e-02  5.70129309e-02  5.00338622e-02  4.33767966e-02  3.71570511e-02  3.14546364e-02  2.63169865e-02  2.17631915e-02  1.77889643e-02  1.43717523e-02  1.14755975e-02  9.05551409e-03  7.06126902e-03  5.44052862e-03  4.14137769e-03 
 6.86280237e-04  9.19582214e-04  1.21805673e-03  1.59512277e-03  2.06556577e-03  2.64532314e-03  3.35118530e-03  4.20042331e-03  5.21036423e-03  6.39794442e-03  7.77927872e-03  9.36928715e-03  1.11814194e-02  1.32275088e-02  1.55177724e-02  1.80609483e-02  2.08645325e-02  2.39350436e-02  2.72782102e-02  3.08989528e-02  3.48010210e-02  3.89861539e-02  4.34526629e-02  4.81933859e-02  5.31930319e-02  5.84250192e-02  6.38480075e-02  6.94024363e-02  7.50074947e-02  8.05590674e-02  8.59292855e-02  9.09683314e-02  9.55090570e-02  9.93747203e-02  1.02389727e-01  1.04392713e-01  1.05250703e-01  1.04872623e-01  1.03220191e-01  1.00314409e-01  9.62364191e-02  9.11223665e-02  8.51528931e-02  7.85387611e-02  7.15046350e-02  6.42731631e-02  5.70511922e-02  5.00193523e-02  4.33255331e-02  3.70821324e-02  3.13664833e-02  2.62236296e-02  2.16705776e-02  1.77012660e-02  1.42916683e-02  1.14046381e-02  8.99426539e-03  7.00963152e-03  5.39792608e-03  4.10693380e-03 
 8.32213545e-04  1.11438424e-03  1.47495794e-03  1.92984887e-03  2.49646821e-03  3.19340664e-03  4.03999864e-03  5.05577971e-03  6.25986006e-03  7.67025166e-03  9.30319692e-03  1.11725560e-02  1.32893135e-02  1.56612611e-02  1.82929007e-02  2.11855862e-02  2.43378908e-02  2.77461415e-02  3.14050145e-02  3.53080473e-02  3.94478893e-02  4.38161084e-02  4.84023919e-02  5.31930319e-02  5.81686664e-02  6.33013491e-02  6.85511461e-02  7.38625826e-02  7.91613997e-02  8.43521977e-02  8.93176253e-02  9.39197815e-02  9.80043910e-02  1.01408052e-01  1.03968435e-01  1.05536774e-01  1.05991408e-01  1.05250703e-01  1.03283439e-01  1.00114974e-01  9.58279779e-02  9.05574350e-02  8.44804994e-02  7.78026585e-02  7.07421462e-02  6.35146592e-02  5.63201318e-02  4.93327505e-02  4.26947150e-02  3.65136286e-02  3.08629538e-02  2.57847368e-02  2.12937640e-02  1.73824177e-02  1.40256664e-02  1.11858053e-02  8.81672239e-03  6.86757293e-03  5.28582795e-03  4.01969989e-03 
 9.96080172e-04  1.33298692e-03  1.76305307e-03  2.30495026e-03  2.97898057e-03  3.80664111e-03  4.81003218e-03  6.01111949e-03  7.43087667e-03  9.08835131e-03  1.09997141e-02  1.31773651e-02  1.56291819e-02  1.83579955e-02  2.13613721e-02  2.46317564e-02  2.81569914e-02  3.19211768e-02  3.59057641e-02  4.00907192e-02  4.44555323e-02  4.89798272e-02  5.36433309e-02  5.84250192e-02  6.33013491e-02  6.82436170e-02  7.32146312e-02  7.81650479e-02  8.30298636e-02  8.77256842e-02  9.21494613e-02  9.61793752e-02  9.96784218e-02  1.02500986e-01  1.04502274e-01  1.05549945e-01  1.05536774e-01  1.04392713e-01  1.02094596e-01  9.86718583e-02  9.42071785e-02  8.88317539e-02  8.27157727e-02  7.60554364e-02  6.90583511e-02  6.19292012e-02  5.48573445e-02  4.80074388e-02  4.15135763e-02  3.54768285e-02  2.99656823e-02  2.50186263e-02  2.06481076e-02  1.68451682e-02  1.35842243e-02  1.08276216e-02  8.52974164e-03  6.64054700e-03  5.10852063e-03  3.88300327e-03 
 1.17668743e-03  1.57376808e-03  2.08016363e-03  2.71753921e-03  3.50932588e-03  4.48015412e-03  5.65508860e-03  7.05867358e-03  8.71381747e-03  1.06405656e-02  1.28548323e-02  1.53671858e-02  1.81817951e-02  2.12956619e-02  2.46982550e-02  2.83716467e-02  3.22912060e-02  3.64268374e-02  4.07446671e-02  4.52089853e-02  4.97841686e-02  5.44362554e-02  5.91338400e-02  6.38480075e-02  6.85511461e-02  7.32146312e-02  7.78055672e-02  8.22829603e-02  8.65938668e-02  9.06701856e-02  9.44268247e-02  9.77619354e-02  1.00559763e-01  1.02696376e-01  1.04048137e-01  1.04502274e-01  1.03968435e-01  1.02389727e-01  9.97515829e-02  9.60869881e-02  9.14770726e-02  8.60467927e-02  7.99562360e-02  7.33887732e-02  6.65377111e-02  5.95931875e-02  5.27308010e-02  4.61029949e-02  3.98336419e-02  3.40157549e-02  2.87118653e-02  2.39564015e-02  1.97593594e-02  1.61106290e-02  1.29844805e-02  1.03438597e-02  8.14427638e-03  6.33717023e-03  4.87270612e-03  3.70199598e-03 
 1.37189958e-03  1.83384910e-03  2.42245781e-03  3.16257957e-03  4.08097034e-03  5.20558018e-03  6.56460075e-03  8.18527629e-03  1.00925075e-02  1.23073032e-02  1.48451617e-02  1.77144949e-02  2.09152339e-02  2.44377767e-02  2.82624466e-02  3.23596105e-02  3.66905636e-02  4.12092007e-02  4.58643876e-02  5.06028115e-02  5.53719738e-02  6.01228968e-02  6.48120977e-02  6.94024363e-02  7.38625826e-02  7.81650479e-02  8.22829603e-02  8.61859952e-02  8.98360662e-02  9.31835122e-02  9.61645559e-02  9.87007499e-02  1.00700950e-01  1.02066057e-01  1.02696376e-01  1.02500986e-01  1.01408052e-01  9.93747203e-02  9.63950949e-02  9.25049607e-02  8.77823765e-02  8.23438896e-02  7.63368444e-02  6.99288659e-02  6.32959845e-02  5.66109431e-02  5.00330178e-02  4.37002665e-02  3.77246221e-02  3.21897814e-02  2.71515006e-02  2.26397167e-02  1.86618670e-02  1.52068385e-02  1.22490930e-02  9.75264292e-03  7.67467062e-03  5.96867274e-03  4.58707844e-03  3.48333116e-03 
 1.57859125e-03  2.10903486e-03  2.78437420e-03  3.63279060e-03  4.68450288e-03  5.97091057e-03  7.52344485e-03  9.37213262e-03  1.15439032e-02  1.40606966e-02  1.69374663e-02  2.01802078e-02  2.37841841e-02  2.77325516e-02  3.19956102e-02  3.65308907e-02  4.12842415e-02  4.61919834e-02  5.11840524e-02  5.61878856e-02  6.11326348e-02  6.59531667e-02  7.05932634e-02  7.50074947e-02  7.91613997e-02  8.30298636e-02  8.65938668e-02  8.98360662e-02  9.27358916e-02  9.52649751e-02  9.73837529e-02  9.90399837e-02  1.00169719e-01  1.00700950e-01  1.00559763e-01  9.96784218e-02  9.80043910e-02  9.55090570e-02  9.21948064e-02  8.80992872e-02  8.32960708e-02  7.78914999e-02  7.20181192e-02  6.58256234e-02  5.94705807e-02  5.31062684e-02  4.68737777e-02  4.08951952e-02  3.52692420e-02  3.00693536e-02  2.53438817e-02  2.11179297e-02  1.73962815e-02  1.41669279e-02  1.14047832e-02  9.07529690e-03  7.13776151e-03  5.54820212e-03  4.26178860e-03  3.23475583e-03 
 1.79266249e-03  2.39383628e-03  3.15865403e-03  4.11869185e-03  5.30769545e-03  6.76057145e-03  8.51203754e-03  1.05949336e-02  1.30382219e-02  1.58647376e-02  1.90887923e-02  2.27137796e-02  2.67299866e-02  3.11128629e-02  3.58220317e-02  4.08013283e-02  4.59800986e-02  5.12758746e-02  5.65983696e-02  6.18545118e-02  6.69540179e-02  7.18148317e-02  7.63676812e-02  8.05590674e-02  8.43521977e-02  8.77256842e-02  9.06701856e-02  9.31835122e-02  9.52649751e-02  9.69098984e-02  9.81052148e-02  9.88269281e-02  9.90399837e-02  9.87007499e-02  9.77619354e-02  9.61793752e-02  9.39197815e-02  9.09683314e-02  8.73349076e-02  8.30579644e-02  7.82053356e-02  7.28717863e-02  6.71736357e-02  6.12412265e-02  5.52102993e-02  4.92133974e-02  4.33722914e-02  3.77921204e-02  3.25575968e-02  2.77312872e-02  2.33537225e-02  1.94449382e-02  1.60069969e-02  1.30270666e-02  1.04807018e-02  8.33505995e-03  6.55187052e-03  5.09004165e-03  3.90784473e-03  2.96465532e-03 
 2.00912442e-03  2.68158655e-03  3.53649686e-03  4.60880819e-03  5.93576852e-03  7.55576134e-03  9.50675662e-03  1.18243699e-02  1.45395550e-02  1.76759919e-02  2.12472800e-02  2.52541027e-02  2.96816003e-02  3.44972527e-02  3.96496243e-02  4.50683365e-02  5.06655781e-02  5.63393329e-02  6.19782874e-02  6.74681054e-02  7.26984746e-02  7.75701013e-02  8.20007246e-02  8.59292855e-02  8.93176253e-02  9.21494613e-02  9.44268247e-02  9.61645559e-02  9.73837529e-02  9.81052148e-02  9.83438965e-02  9.81052148e-02  9.73837529e-02  9.61645559e-02  9.44268247e-02  9.21494613e-02  8.93176253e-02  8.59292855e-02  8.20007246e-02  7.75701013e-02  7.26984746e-02  6.74681054e-02  6.19782874e-02  5.63393329e-02  5.06655781e-02  4.50683365e-02  3.96496243e-02  3.44972527e-02  2.96816003e-02  2.52541027e-02  2.12472800e-02  1.76759919e-02  1.45395550e-02  1.18243699e-02  9.50675662e-03  7.55576134e-03  5.93576852e-03  4.60880819e-03  3.53649686e-03  2.68158655e-03 
 2.22225834e-03  2.96465532e-03  3.90784473e-03  5.09004165e-03  6.55187052e-03  8.33505995e-03  1.04807018e-02  1.30270666e-02  1.60069969e-02  1.94449382e-02  2.33537225e-02  2.77312872e-02  3.25575968e-02  3.77921204e-02  4.33722914e-02  4.92133974e-02  5.52102993e-02  6.12412265e-02  6.71736357e-02  7.28717863e-02  7.82053356e-02  8.30579644e-02  8.73349076e-02  9.09683314e-02  9.39197815e-02  9.61793752e-02  9.77619354e-02  9.87007499e-02  9.90399837e-02  9.88269281e-02  9.81052148e-02  9.69098984e-02  9.52649751e-02  9.31835122e-02  9.06701856e-02  8.77256842e-02  8.43521977e-02  8.05590674e-02  7.63676812e-02  7.18148317e-02  6.69540179e-02  6.18545118e-02  5.65983696e-02  5.12758746e-02  4.59800986e-02  4.08013283e-02  3.58220317e-02  3.11128629e-02  2.67299866e-02  2.27137796e-02  1.90887923e-02  1.58647376e-02  1.30382219e-02  1.05949336e-02  8.51203754e-03  6.76057145e-03  5.30769545e-03  4.11869185e-03  3.15865403e-03  2.39383628e-03 
 2.42584500e-03  3.23475583e-03  4.26178860e-03  5.54820212e-03  7.13776151e-03  9.07529690e-03  1.14047832e-02  1.41669279e-02  1.73962815e-02  2.11179297e-02  2.53438817e-02  3.00693536e-02  3.52692420e-02  4.08951952e-02  4.68737777e-02  5.31062684e-02  5.94705807e-02  6.58256234e-02  7.20181192e-02  7.78914999e-02  8.32960708e-02  8.80992872e-02  9.21948064e-02  9.55090570e-02  9.80043910e-02  9.96784218e-02  1.00559763e-01  1.00700950e-01  1.00169719e-01  9.90399837e-02  9.73837529e-02  9.52649751e-02  9.27358916e-02  8.98360662e-02  8.65938668e-02  8.30298636e-02  7.91613997e-02  7.50074947e-02  7.05932634e-02  6.59531667e-02  6.11326348e-02  5.61878856e-02  5.11840524e-02  4.61919834e-02  4.12842415e-02  3.65308907e-02  3.19956102e-02  2.77325516e-02  2.37841841e-02  2.01802078e-02  1.69374663e-02  1.40606966e-02  1.15439032e-02  9.37213262e-03  7.52344485e-03  5.97091057e-03  4.68450288e-03  3.63279060e-03  2.78437420e-03  2.10903486e-03 
 2.61345339e-03  3.48333116e-03  4.58707844e-03  5.96867274e-03  7.67467062e-03  9.75264292e-03  1.22490930e-02  1.52068385e-02  1.86618670e-02  2.26397167e-02  2.71515006e-02  3.21897814e-02  3.77246221e-02  4.37002665e-02  5.00330178e-02  5.66109431e-02  6.32959845e-02  6.99288659e-02  7.63368444e-02  8.23438896e-02  8.77823765e-02  9.25049607e-02  9.63950949e-02  9.93747203e-02  1.01408052e-01  1.02500986e-01  1.02696376e-01  1.02066057e-01  1.00700950e-01  9.87007499e-02  9.61645559e-02  9.31835122e-02  8.98360662e-02  8.61859952e-02  8.22829603e-02  7.81650479e-02  7.38625826e-02  6.94024363e-02  6.48120977e-02  6.01228968e-02  5.53719738e-02  5.06028115e-02  4.58643876e-02  4.12092007e-02  3.66905636e-02  3.23596105e-02  2.82624466e-02  2.44377767e-02  2.09152339e-02  1.77144949e-02  1.48451617e-02  1.23073032e-02  1.00925075e-02  8.18527629e-03  6.56460075e-03  5.20558018e-03  4.08097034e-03  3.16257957e-03  2.42245781e-03  1.83384910e-03 
 2.77877166e-03  3.70199598e-03  4.87270612e-03  6.33717023e-03  8.14427638e-03  1.03438597e-02  1.29844805e-02  1.61106290e-02  1.97593594e-02  2.39564015e-02  2.87118653e-02  3.40157549e-02  3.98336419e-02  4.61029949e-02  5.27308010e-02  5.95931875e-02  6.65377111e-02  7.33887732e-02  7.99562360e-02  8.60467927e-02  9.14770726e-02  9.60869881e-02  9.97515829e-02  1.02389727e-01  1.03968435e-01  1.04502274e-01  1.04048137e-01  1.02696376e-01  1.00559763e-01  9.77619354e-02  9.44268247e-02  9.06701856e-02  8.65938668e-02  8.22829603e-02  7.78055672e-02  7.32146312e-02  6.85511461e-02  6.38480075e-02  5.91338400e-02  5.44362554e-02  4.97841686e-02  4.52089853e-02  4.07446671e-02  3.64268374e-02  3.22912060e-02  2.83716467e-02  2.46982550e-02  2.12956619e-02  1.81817951e-02  1.53671858e-02  1.28548323e-02  1.06405656e-02  8.71381747e-03  7.05867358e-03  5.65508860e-03  4.48015412e-03  3.50932588e-03  2.71753921e-03  2.08016363e-03  1.57376808e-03 
 2.91595721e-03  3.88300327e-03  5.10852063e-03  6.64054700e-03  8.52974164e-03  1.08276216e-02  1.35842243e-02  1.68451682e-02  2.06481076e-02  2.50186263e-02  2.99656823e-02  3.54768285e-02  4.15135763e-02  4.80074388e-02  5.48573445e-02  6.19292012e-02  6.90583511e-02  7.60554364e-02  8.27157727e-02  8.88317539e-02  9.42071785e-02  9.86718583e-02  1.02094596e-01  1.04392713e-01  1.05536774e-01  1.05549945e-01  1.04502274e-01  1.02500986e-01  9.96784218e-02  9.61793752e-02  9.21494613e-02  8.77256842e-02  8.30298636e-02  7.81650479e-02  7.32146312e-02  6.82436170e-02  6.33013491e-02  5.84250192e-02  5.36433309e-02  4.89798272e-02  4.44555323e-02  4.00907192e-02  3.59057641e-02  3.19211768e-02  2.81569914e-02  2.46317564e-02  2.13613721e-02  1.83579955e-02  1.56291819e-02  1.31773651e-02  1.09997141e-02  9.08835131e-03  7.43087667e-03  6.01111949e-03  4.81003218e-03  3.80664111e-03  2.97898057e-03  2.30495026e-03  1.76305307e-03  1.33298692e-03 
 3.01997896e-03  4.01969989e-03  5.28582795e-03  6.86757293e-03  8.81672239e-03  1.11858053e-02  1.40256664e-02  1.73824177e-02  2.12937640e-02  2.57847368e-02  3.08629538e-02  3.65136286e-02  4.26947150e-02  4.93327505e-02  5.63201318e-02  6.35146592e-02  7.07421462e-02  7.78026585e-02  8.44804994e-02  9.05574350e-02  9.58279779e-02  1.00114974e-01  1.03283439e-01  1.05250703e-01  1.05991408e-01  1.05536774e-01  1.03968435e-01  1.01408052e-01  9.80043910e-02  9.39197815e-02  8.93176253e-02  8.43521977e-02  7.91613997e-02  7.38625826e-02  6.85511461e-02  6.33013491e-02  5.81686664e-02  5.31930319e-02  4.84023919e-02  4.38161084e-02  3.94478893e-02  3.53080473e-02  3.14050145e-02  2.77461415e-02  2.43378908e-02  2.11855862e-02  1.82929007e-02  1.56612611e-02  1.32893135e-02  1.11725560e-02  9.30319692e-03  7.67025166e-03  6.25986006e-03  5.05577971e-03  4.03999864e-03  3.19340664e-03  2.49646821e-03  1.92984887e-03  1.47495794e-03  1.11438424e-03 
 3.08692402e-03  4.10693380e-03  5.39792608e-03  7.00963152e-03  8.99426539e-03  1.14046381e-02  1.42916683e-02  1.77012660e-02  2.16705776e-02  2.62236296e-02  3.13664833e-02  3.70821324e-02  4.33255331e-02  5.00193523e-02  5.70511922e-02  6.42731631e-02  7.15046350e-02  7.85387611e-02  8.51528931e-02  9.11223665e-02  9.62364191e-02  1.00314409e-01  1.03220191e-01  1.04872623e-01  1.05250703e-01  1.04392713e-01  1.02389727e-01  9.93747203e-02  9.55090570e-02  9.09683314e-02  8.59292855e-02  8.05590674e-02  7.50074947e-02  6.94024363e-02  6.38480075e-02  5.84250192e-02  5.31930319e-02  4.81933859e-02  4.34526629e-02  3.89861539e-02  3.48010210e-02  3.08989528e-02  2.72782102e-02  2.39350436e-02  2.08645325e-02  1.80609483e-02  1.55177724e-02  1.32275088e-02  1.11814194e-02  9.36928715e-03  7.77927872e-03  6.39794442e-03  5.21036423e-03  4.20042331e-03  3.35118530e-03  2.64532314e-03  2.06556577e-03  1.59512277e-03  1.21805673e-03  9.19582214e-04 
 3.11424249e-03  4.14137769e-03  5.44052862e-03  7.06126902e-03  9.05551409e-03  1.14755975e-02  1.43717523e-02  1.77889643e-02  2.17631915e-02  2.63169865e-02  3.14546364e-02  3.71570511e-02  4.33767966e-02  5.00338622e-02  5.70129309e-02  6.41630345e-02  7.13004338e-02  7.82153228e-02  8.46824738e-02  9.04752863e-02  9.53819780e-02  9.92220507e-02  1.01860855e-01  1.03220191e-01  1.03283439e-01  1.02094596e-01  9.97515829e-02  9.63950949e-02  9.21948064e-02  8.73349076e-02  8.20007246e-02  7.63676812e-02  7.05932634e-02  6.48120977e-02  5.91338400e-02  5.36433309e-02  4.84023919e-02  4.34526629e-02  3.88189720e-02  3.45128338e-02  3.05357778e-02  2.68823020e-02  2.35423245e-02  2.05030769e-02  1.77504449e-02  1.52698109e-02  1.30464885e-02  1.10658595e-02  9.31332602e-03  7.77418116e-03  6.43347781e-03  5.27595258e-03  4.28603301e-03  3.44793444e-03  2.74583471e-03  2.16410366e-03  1.68755906e-03  1.30172070e-03  9.93037896e-04  7.49072429e-04 
 3.10090886e-03  4.12174045e-03  5.41203890e-03  7.02054639e-03  8.99815675e-03  1.13959788e-02  1.42628136e-02  1.76420178e-02  2.15677513e-02  2.60606488e-02  3.11230332e-02  3.67339007e-02  4.28440748e-02  4.93721092e-02  5.62017010e-02  6.31814810e-02  7.01280058e-02  7.68325326e-02  8.30716811e-02  8.86214387e-02  9.32732480e-02  9.68503246e-02  9.92220507e-02  1.00314409e-01  1.00114974e-01  9.86718583e-02  9.60869881e-02  9.25049607e-02  8.80992872e-02  8.30579644e-02  7.75701013e-02  7.18148317e-02  6.59531667e-02  6.01228968e-02  5.44362554e-02  4.89798272e-02  4.38161084e-02  3.89861539e-02  3.45128338e-02  3.04043176e-02  2.66574987e-02  2.32611477e-02  2.01986516e-02  1.74502532e-02  1.49947617e-02  1.28107525e-02  1.08773161e-02  9.17444343e-03  7.68314536e-03  6.38540811e-03  5.26406951e-03  4.30268421e-03  3.48542219e-03  2.79702342e-03  2.22281282e-03  1.74876651e-03  1.36161202e-03  1.04894240e-03  7.99324861e-04  6.02388295e-04 
 3.04748556e-03  4.04884727e-03  5.31364940e-03  6.88916114e-03  8.82457384e-03  1.11690709e-02  1.39693296e-02  1.72664333e-02  2.10921982e-02  2.54649624e-02  3.03849554e-02  3.58294819e-02  4.17483046e-02  4.80597922e-02  5.46485640e-02  6.13654604e-02  6.80306246e-02  7.44402355e-02  8.03769781e-02  8.56237036e-02  8.99790527e-02  9.32732480e-02  9.53819780e-02  9.62364191e-02  9.58279779e-02  9.42071785e-02  9.14770726e-02  8.77823765e-02  8.32960708e-02  7.82053356e-02  7.26984746e-02  6.69540179e-02  6.11326348e-02  5.53719738e-02  4.97841686e-02  4.44555323e-02  3.94478893e-02  3.48010210e-02  3.05357778e-02  2.66574987e-02  2.31594588e-02  2.00261299e-02  1.72360985e-02  1.47645334e-02  1.25851489e-02  1.06716545e-02  8.99872768e-03  7.54257813e-03  6.28119178e-03  5.19434972e-03  4.26351152e-03  3.47163743e-03  2.80300505e-03  2.24305511e-03  1.77828284e-03  1.39617668e-03  1.08519605e-03  8.34774895e-04  6.35336116e-04  4.78303729e-04 
